250.168    143.715    344.287    20.8954    472.144    102.592    261.856    167.837
255.463    133.443    327.151    26.6799    305.422    130.399    280.686    123.725
398    62.0789    276.139    48.8675    497.856    111.25    283.357    153.252
421.392    87.8811    326.754    24.1749    599.788    26.5865    291.978    176.796
448.767    24.4771    272.111    47.0052    500.511    41.0669    343.86    98.4997
339.923    75.5431    287.69    70.7474    636.685    47.571    384.846    50.2738
522.927    171.083    262.894    47.4776    304.918    57.4316    359.455    20.0165
354.892    81.7176    315.584    74.9388    293.916    58.5852    261.017    52.3667
298.341    124.296    259.568    70.5167    373.737    189.162    304.842    52.6908
310.015    55.8385    363.208    39.1223    472.526    47.4612    305.635    31.0581
251.404    109.684    267.106    84.7444    412.496    56.7888    306.536    187.876
431.677    83.5963    285.737    47.5655    419.24    147.923    379.444    44.264
711.913    22.1589    451.529    22.5819    478.37    81.4539    475.806    35.9746
572.733    23.1861    378.59    32.739    313.57    136.354    292.436    156.592
340.808    54.0147    330.554    32.6566    312.7    28.5092    370.304    117.935
359.088    134.432    384.938    29.4815    287.095    120.336    294.74    73.126
478.629    70.3189    335.406    34.7056    291.81    57.9699    594.34    63.1501
647.427    31.2009    286.485    51.7295    380.055    96.198    410.512    120.517
358.02    119.995    459.769    30.9647    456.061    28.3004    383.274    23.2136
342.593    68.0831    290.513    30.1077    556.513    29.6463    486.885    46.5493
450.4    97.9339    355.93    21.5326    635.632    81.5748    308.443    92.4625
685.347    52.103    434.606    22.1259    333.499    46.9008    309.771    162.722
449.301    75.3124    275.3    53.795    374.5    22.2962    551.904    82.5745
400.838    27.0095    271.836    91.1881    346.393    34.9968    311.51    44.4398
365.299    25.8943    389.454    28.207    272.828    79.8389    327.197    88.7326
518.731    40.6604    338.778    20.2252    533.502    48.0929    538.812    53.9817
269.547    56.8603    261.505    23.8343    475.12    103.048    582.759    50.4111
294.847    109.085    365.619    35.6835    354.053    99.9115    462.226    55.399
271.317    192.491    268.448    34.7661    338.794    128.219    511.345    104.993
445.12    67.4459    309.725    60.5518    270.722    129.004    334.155    83.2337
257.843    157.361    371.647    30.5747    623.531    37.9467    301.515    76.6747
625.042    27.828    278.459    26.3283    267.151    125.593    497.627    130.79
468.879    103.246    313.387    27.3446    318.3    62.7601    549.387    61.98
563.349    34.6617    360.141    29.1903    406.224    23.2191    431.433    30.3659
444.586    32.4094    259.613    28.218    536.645    89.4797    304.094    55.8165
572.199    62.1613    297.884    39.6332    459.693    36.9909    452.536    90.463
647.626    29.5914    288.972    36.2328    267.472    144.506    417.241    56.9207
504.25    60.4694    340.823    36.3646    306.734    106.531    353.565    90.9848
713.164    21.203    323.748    29.2288    366.947    123.972    421.85    130.899
409.124    112.92    319.17    42.6215    277.39    32.327    485.633    59.9969
337.542    31.3987    422.109    20.3735    592.998    95.2641    304.43    117.6
344.897    115.26    293.794    25.9767    312.38    108.272    272.935    122.896
703.154    48.1039    252.136    42.215    357.425    102.752    270.402    170.913
347.415    81.388    304.491    24.4441    581.858    90.5454    287.98    164.447
341.968    54.3937    524.285    22.5159    471.152    23.3839    422.124    20.1209
274.033    189.832    294.328    38.7817    304.064    89.606    258.683    108.432
318.636    163.338    311.785    49.3893    451.209    33.0302    500.801    89.573
455.283    94.3248    368.29    26.592    525.109    37.4688    380.299    81.2726
705.855    68.6929    325.945    34.5628    411.931    43.7971    280.213    148.506
393.971    109.86    402.226    24.8506    414.571    30.4593    454.154    118.715
268.479    94.7258    281.068    30.6186    342.959    46.8624    486.869    185.542
285.859    48.7741    322.649    48.038    262.101    172.934    366.581    59.4641
660.077    89.7763    318.743    21.0437    286.988    157.141    286.485    83.1678
427.084    38.0401    287.416    49.1256    328.982    145.056    689.711    37.9467
580.317    96.9945    332.11    24.9934    496.101    62.4909    537.851    31.2284
308.473    128.642    420.965    20.0824    293.535    29.3606    312.654    178.384
253.388    38.7323    334.429    32.761    338.9    142.979    403.722    144.907
531.014    58.9367    258.713    75.3563    270.356    139.694    333.88    111.579
293.489    128.4    288.743    22.2852    330.981    184.064    523.965    45.4067
288.438    99.7906    435.43    27.6907    270.737    151.829    574.488    45.1375
257.63    100.274    311.327    24.4661    649.106    40.3967    491.661    154.114
563.547    69.4345    382.008    23.7849    392.811    96.3518    402.989    46.5767
338.137    53.3061    250.259    20.8679    255.89    92.8581    398.991    65.0893
374.134    44.9013    250.61    27.1963    315.783    111.107    666.898    94.9565
290.574    36.5404    287.187    41.0559    303.728    70.5222    550.531    154.389
427.19    100.236    285.142    42.5227    272.019    149.582    277.772    122.368
673.505    38.54    324.145    20.033    734.542    36.436    342.944    39.6771
270.234    188.777    430.166    20.6153    314.913    176.977    272.004    174.088
500.053    30.4483    379.215    29.4101    688.337    30.6735    276.337    169.523
528.207    46.5877    321.383    32.9093    507.881    29.8386    477.958    78.8501
275.361    26.614    375.935    43.7147    493.37    39.1113    510.155    65.4244
710.707    62.0515    279.603    31.091    504.799    60.5573    588.496    25.5977
361.988    132.295    283.204    36.8371    409.627    43.2313    427.435    46.8184
359.943    117.1    351.321    21.9007    629.238    65.6935    316.24    46.6921
320.04    42.3524    335.192    29.8825    352.13    110.244    665.525    78.3447
400.502    37.7819    251.602    80.0476    486.473    44.6706    261.49    66.133
423.833    22.7302    341.235    36.4031    311.51    165.793    265.931    91.5616
491.844    24.911    425.573    33.0576    384.007    41.8305    301.393    43.7202
265.778    50.1859    254.654    108.195    304.674    44.1981    405.583    98.1152
727.599    49.9936    377.644    25.1143    315.92    100.159    474.174    55.3496
424.764    119.506    348.91    24.7737    475.639    85.8211    512.23    24.3617
657.773    62.7052    418.233    20.7746    436.789    44.5112    472.098    51.8448
291.993    122.923    305.406    39.6716    299.15    35.1671    522.958    46.4779
478.492    179.889    280.168    28.3663    472.312    49.4333    294.465    65.8254
307.634    122.363    415.319    20.0604    268.342    56.5361    386.28    121.121
356.296    42.3798    269.745    53.2511    650.83    58.8763    570.139    53.6741
454.596    29.4815    361.805    42.1162    323.046    185.987    502.815    29.042
346.667    48.5708    262.284    25.389    688.231    29.0201    363.208    91.1222
310.884    29.2453    285.966    41.0614    675.932    56.9317    700.392    47.1865
427.145    55.7396    340.838    33.8157    543.466    24.7023    543.542    93.2041
560.678    33.0467    262.558    100.829    468.299    51.2021    366.214    21.9666
425.619    153.428    278.291    24.9165    455.466    122.473    252.365    146.594
359.912    130.79    262.97    84.4038    353.656    104.625    324.557    27.1963
362.751    124.928    280.259    38.2434    279.221    187.415    678.495    25.0594
434.591    87.6559    348.254    49.7464    309.252    38.2653    336.093    53.7565
428.32    149.082    402.211    30.0913    405.583    95.1048    254.288    22.4665
413.152    100.164    309.618    36.9195    318.255    178.126    346.377    44.0663
563.181    24.5759    269.089    23.2575    389.958    120.001    498.146    154.911
477.836    62.6063    282.136    60.8264    397.13    72.9173    304.552    196.177
507.561    34.2607    334.597    31.6678    457.495    41.3086    352.329    163.87
444.876    105.899    372.562    22.9279    530.313    43.6323    401.219    36.2987
416.906    82.6789    251.251    47.6479    518.334    40.9516    667.188    66.6604
514.504    23.8069    255.066    58.706    572.504    41.4954    348.666    199.258
251.694    173.077    381.535    29.6683    619.991    90.1279    319.353    23.2575
272.782    100.878    273.499    27.8115    295.732    105.344    686.857    93.1053
609.89    48.6093    259.476    21.1151    434.118    115.04    571.055    59.1894
601.39    56.3713    306.169    25.1308    298.402    118.012    370.396    144.869
420.415    75.3179    341.586    42.3304    555.994    37.8423    286.729    50.5155
266.19    54.218    319.826    33.0467    335.36    58.0248    694.441    71.9559
361.972    21.4173    252.884    30.6955    583.522    127.45    481.483    24.2024
338.397    41.1274    294.069    55.3661    382.176    97.0165    357.959    197.885
567.27    85.2992    284.333    36.0735    395.466    44.8738    425.054    37.2546
391.514    124.527    477.577    20.4779    266.205    108.13    352.405    110.014
268.906    106.207    272.95    36.0295    255.921    102.867    420.858    114.15
482.582    50.5869    359.302    28.674    425.344    104.91    273.377    110.97
291.124    61.0022    460.99    20.1373    270.875    66.8801    326.617    109.739
519.509    88.7051    315.889    36.1834    559.458    43.896    359.79    125.708
604.06    21.5821    306.368    26.6085    344.012    51.5317    494.987    170.067
437.338    26.8557    259.888    32.7061    480.628    37.9687    437.994    185.503
493.538    73.6644    253.464    51.8394    273.072    75.8013    370.518    78.8446
358.31    91.4408    364.185    20.1318    367.817    87.5515    443.152    178.373
275.88    178.384    289.613    51.3065    514.55    108.706    437.338    36.6723
281.693    70.6925    314.44    27.1084    748.749    85.118    462.561    33.4971
326.601    179.647    334.353    30.9592    547.082    20.1373    422.994    87.8207
414.907    112.337    254.99    60.6946    560.327    56.0967    432.638    25.2406
691.191    39.5837    262.787    20.2582    353.534    57.2668    360.584    47.9556
283.433    192.584    336.154    38.6993    295.961    45.0056    725.051    32.327
430.41    138.513    264.588    25.0264    445.761    117.325    312.395    90.1004
551.508    48.9828    278.245    62.2932    468.772    49.8563    393.544    84.4148
294.664    69.2093    317.186    57.4371    747.391    31.2119    715.224    26.57
424.444    36.9689    301.561    54.6245    251.19    156.377    721.526    26.7129
722.381    31.1679    263.047    51.8009    371.204    161.651    508.568    49.8068
324.847    32.1787    442.511    30.9262    441.519    47.637    504.143    76.0869
452.048    182.877    250.931    69.1269    424.612    20.6153    327.105    22.472
614.91    63.9357    345.019    26.2734    371.357    189.684    254.471    115.71
313.478    195.534    304.857    38.6444    376.072    35.7768    405.538    146.292
308.092    83.5084    379.124    37.5622    430.548    56.624    401.723    125.065
304.369    181.652    288.56    70.7968    571.635    29.086    495.079    31.558
396.092    116.556    346.683    24.6858    335.91    194.084    381.184    95.7256
402.47    21.7249    265.244    25.5483    502.235    192.809    307.375    22.873
663.541    98.9776    251.236    52.4052    299.684    35.4472    553.568    23.8508
342.883    175.725    326.8    25.4329    279.878    35.5571    412.587    70.5387
278.55    162.299    251.389    98.2196    743.805    20.0824    354.907    78.2568
363.437    124.758    263.932    58.6566    312.639    42.4622    547.143    29.075
419.515    88.0514    301.012    26.7348    289.048    59.129    283.494    195.094
270.035    120.495    405.187    26.6689    552.561    96.2859    620.373    25.5538
403.981    21.4612    301.775    23.2466    460.028    121.934    384.465    97.9998
310.701    28.619    273.194    83.6457    491.874    30.3385    702.94    45.6374
287.217    136.129    256.806    47.159    506.386    36.914    447.897    160.448
347.812    134.19    299.898    25.7955    740.905    65.0783    483.421    21.247
403.111    77.5152    337.313    34.5793    473.502    69.006    491.295    57.9424
417.913    58.6895    260.361    58.1677    562.571    77.7953    374.287    100.071
429.968    24.4771    276.536    27.1303    744.018    26.18    635.052    28.5147
273.316    45.165    305.879    33.0796    335.467    32.9698    279.084    163.618
262.177    44.3519    455.573    21.5601    299.089    147.335    304.567    58.7994
683.119    93.3909    286.195    26.6085    467.734    68.3578    370.96    50.9384
405.568    28.2894    277.116    42.0228    284.913    39.2322    316.012    77.9492
362.278    173.467    253.449    74.2082    295.961    27.795    298.906    41.023
303.453    129.669    314.455    66.6878    283.509    64.9739    258.698    104.537
486.137    63.8148    265.427    48.9059    361.057    188.173    446.631    63.683
691.221    58.7774    265.885    22.5159    383.885    165.925    444.54    45.8626
346.774    126.406    256.424    32.0084    370.823    48.1808    295.961    119.138
258.56    55.1903    302.751    59.0466    661.267    25.4274    584.513    62.1723
548.73    42.8413    251.267    44.7914    333.926    96.8957    276.719    53.6137
679.64    54.3992    396.336    22.9334    364.628    24.565    290.162    136.887
319.979    116.139    360.096    27.5973    312.777    91.7759    510.125    102.477
334.384    27.5698    290.529    40.5176    308    188.343    286.439    166.87
484.26    106.674    309.801    40.578    303.957    107.514    254.212    195.012
421.422    23.6695    266.602    59.1729    358.295    176.214    410.466    23.9882
595.851    46.5493    292.741    41.1109    317.751    143.792    618.557    56.7174
307.009    31.7063    269.135    38.54    312.685    37.1831    649.67    120.748
556.177    41.2482    255.57    61.3703    323.962    102.9    389.195    61.8482
266.984    197.308    381.962    20.4559    327.227    189.03    453.131    97.3901
360.569    60.332    491.127    25.9493    259.232    37.3589    308.794    111.59
314.165    31.9919    364.628    26.1306    263.855    173.247    349.094    177.346
290.239    116.628    271.271    81.8055    311.174    105.147    363.666    69.9344
386.677    24.3782    280.137    54.0367    565.18    68.7149    373.814    144.512
453.543    139.617    296.236    35.4802    548.349    47.6754    251.785    70.6815
477.836    89.2489    294.328    40.4077    303.972    44.731    327.456    60.4144
287.416    85.085    330.844    37.1007    518.349    66.6439    423.788    39.2981
253.647    167.26    272.385    69.3905    529.153    72.4888    307.07    54.7673
272.004    40.2594    265.122    30.8493    474.296    58.1347    469.474    150.587
438.543    61.9416    320.528    23.73    661.893    72.1592    476.066    65.6441
620.861    44.2036    272.34    41.9568    300.401    123.967    333.224    126.329
358.814    67.6162    314.028    33.0686    541.711    75.9661    691.252    55.4045
400.456    99.483    286.775    53.5862    498.36    105.586    500.679    20.9888
468.955    29.5694    260.727    50.3891    317.431    150.549    377.552    186.426
400.349    122.154    395.528    21.3349    495.582    84.9971    423.467    68.8412
505.974    128.883    303.514    30.7614    346.789    182.053    261.155    84.8598
340.396    45.7527    346.255    57.2558    316.973    37.5896    363.453    66.3472
360.248    63.1446    259.919    87.1065    388.798    38.4191    259.247    110.459
354.389    35.4857    300.813    54.7673    271.897    115.93    389.18    158.987
283.372    152.516    259.857    102.015    653.088    23.1806    372.379    26.2239
281.632    40.9351    263.504    78.482    305.788    123.731    333.575    21.2085
277.635    165.117    415.09    24.1969    451.178    57.058    515.801    56.9262
258.377    76.5264    251.358    57.3107    298.372    60.6561    637.448    66.2813
426.397    159.404    359.409    22.9115    321.596    86.2276    490.669    50.3562
353.122    20.1813    258.057    63.7599    549.951    24.0156    365.101    175.412
346.896    134.756    289.567    25.5043    285.691    115.309    532.266    60.2167
734.97    36.7931    266.633    61.189    259.354    134.086    299.15    41.6767
290.086    189.178    276.414    64.1115    438.528    27.5808    450.507    81.6187
612.697    37.9687    331.683    27.1029    607.356    52.1799    255.448    133.294
579.6    56.1241    270.432    30.8329    498.115    111.497    562.098    21.0712
292.375    179.532    326.586    28.5806    383.045    82.2175    427.282    98.5656
412.587    37.3534    285.554    66.9131    376.637    171.792    353.961    79.7015
394.322    177.62    317.873    24.5595    272.98    128.103    394.215    21.1097
301.576    28.0862    255.219    75.8232    611.141    28.4378    634.198    65.2815
389.698    133.196    277.909    24.4111    404.759    126.422    292.207    27.9049
513.237    45.8077    495.094    24.4826    691.008    20.2142    298.433    37.1447
372.425    37.282    309.236    49.5596    485.115    53.9433    256.302    159.992
250.702    121.039    501.991    22.049    306.856    95.4344    364.536    83.7007
384.846    118.402    310.869    52.7128    484.916    22.7192    409.246    87.7602
408.376    103.762    386.402    28.2125    580.241    30.8164    271.775    86.0189
459.494    33.6454    468.116    20.0824    535.394    28.7619    471.274    32.6347
415.578    91.8912    261.628    21.0273    281.922    199.066    290.132    62.7271
653.256    24.12    386.448    22.6588    253.845    140.502    464.057    161.783
262.314    103.543    390.202    26.4657    744.43    45.4067    311.052    23.3564
463.584    26.4052    381.886    20.8185    315.142    68.5006    468.314    151.395
365.314    106.245    319.414    29.9374    533.563    79.8718    405.034    103.927
430.898    183.179    263.886    30.5527    339.587    145.759    466.071    33.3323
289.552    128.372    407.308    21.8622    525.46    29.498    600.52    95.9893
440.039    76.2682    371.754    37.0678    298.036    71.3627    300.89    47.983
358.982    161.283    256.851    34.1838    663.129    49.5102    483.97    31.9205
630.566    60.1617    279.206    43.3357    356.265    150.192    251.328    70.6046
449.286    78.9599    258.637    43.5554    326.159    172.951    281.953    113.628
251.801    57.5634    291.612    39.6991    306.032    109.712    264.847    125.747
558.222    58.9972    282.609    44.8134    347.369    82.4427    448.767    95.5608
716.094    34.2607    250.488    29.8111    474.342    137.057    266.022    141.908
263.276    133.185    251.267    62.0569    330.233    65.2376    585.047    20.2252
273.53    75.7683    310.671    20.846    303.392    165.788    399.342    55.0035
479.072    101.884    269.7    42.1546    323.138    65.32    730.392    41.825
272.279    150.961    266.572    58.3874    641.751    27.2677    343.463    67.369
305.651    36.6723    282.411    44.5717    318.117    24.5375    578.822    135.662
301.531    185.388    315.615    61.5625    303.392    38.3148    617.031    28.7014
336.383    76.4165    272.355    32.5687    538.415    82.613    374.561    111.689
379.368    195.051    329.241    27.9708    298.799    144.556    422.903    102.713
607.372    47.3898    315.95    45.2144    333.514    25.7735    303.255    86.3375
467.032    49.6805    295.305    50.7572    439.199    47.2195    361.911    85.519
318.819    117.402    412.404    22.9829    583.247    58.3215    252.121    161.047
264.512    57.7117    366.459    42.5227    631.756    27.3611    634.854    26.213
522.744    70.7968    348.209    25.1088    448.63    26.6414    379.154    96.3848
539.941    29.2398    341.189    31.4811    570.093    70.2585    400.563    33.4916
320.025    115.589    251.77    53.5313    531.289    102.241    264.817    164.903
316.118    113.139    325.411    22.1589    735.656    28.652    541.543    53.8774
280.839    92.1879    365.131    41.5229    425.268    80.0861    292.344    184.756
410.649    100.521    295.808    39.1003    273.011    188.299    651.242    50.1968
309.862    77.9711    274.476    36.447    536.782    48.7521    485.878    110.58
407.689    157.476    278.047    32.1567    427.526    102.125    479.225    68.7313
280.107    185.124    296.831    46.2471    396.26    180.817    567.362    22.9005
322.283    189.903    305.376    26.0097    462.088    109.668    513.024    27.4105
497.841    93.0503    357.73    24.8671    262.604    64.5399    384.968    123.363
464.805    21.6645    388.691    33.4642    566.218    53.1632    475.089    45.9999
497.063    82.223    269.12    41.7371    410.436    83.7172    340.838    167.941
396.931    37.2765    255.417    85.2553    453.482    106.223    342.151    93.8743
540.796    25.735    269.44    23.9607    389.546    137.53    578.944    39.5453
739.135    47.3074    304.003    23.6531    266.984    86.0244    456.076    51.3395
460.852    46.1977    302.095    47.5875    405.309    170.748    295.793    34.1948
463.965    45.3737    289.323    27.2292    252.06    191.771    525.994    87.4252
408.437    37.6446    315.081    49.3289    415.639    51.0868    711.699    45.3737
328.799    128.191    250.305    46.3021    747.33    36.8645    350.101    164.293
515.679    87.4911    409.291    20.2252    597.118    29.4046    394.292    27.1249
274.339    104.394    261.216    56.0692    463.874    87.123    348.758    159.706
571.284    22.9499    303.911    38.0126    587.703    70.2365    276.109    159.547
276.002    66.0012    398.778    23.9497    524.026    132.514    258.515    102.169
479.926    108.855    265.748    20.4834    315.691    114.892    611.293    25.9163
376.453    50.1199    330.142    25.8559    371.616    46.9997    543.023    151.928
260.254    81.2397    276.795    100.126    315.416    64.062    281.999    31.8766
280.656    71.0385    356.235    25.5098    295.351    182.916    314.119    75.7134
293.153    124.774    288.469    53.5368    486.167    64.3916    535.302    76.3561
297.365    121.495    359.577    35.9801    315.401    87.0956    717.33    45.3792
380.345    63.2984    343.371    41.5943    474.418    81.3825    438.421    21.9501
412.603    104.465    271.821    26.1306    667.646    57.3327    556.665    20.6702
527.383    74.6202    281.526    31.2998    685.591    30.6241    358.997    49.3234
329.928    151.038    275.407    55.5528    428.014    54.7728    452.2    111.343
311.739    189.217    278.504    20.5383    667.814    86.8758    415.99    57.4975
324.023    30.4538    355.106    40.4846    254.898    80.8386    607.921    93.8743
516.091    47.7908    254.486    25.0703    745.956    36.0955    330.813    148.852
685.118    49.8618    250.397    36.4635    435.018    78.7512    642.56    44.2201
713.057    45.2309    335.345    36.7931    505.776    63.2051    277.924    129.021
432.669    121.176    283.204    53.8609    301.103    156.504    528.893    40.1495
251.495    150.027    358.081    39.9792    488.334    69.7971    310.808    146.781
293.733    132.212    488.411    22.5874    357.654    66.4351    409.352    114.051
486.061    98.5986    273.728    24.3123    533.135    106.091    511.299    21.4942
590.281    68.3139    275.636    22.5269    390.828    35.0792    686.247    41.1988
425.878    44.5991    315.157    49.6365    340.167    53.1138    370.746    54.4432
482.627    24.0706    483.085    23.2081    344.226    30.8603    544.595    89.8697
426.29    22.2962    289.247    37.1447    544.412    110.393    473.029    77.9327
267.701    40.7758    314.73    31.948    269.791    89.4412    263.108    25.779
379.994    76.4165    305.666    24.1255    370.914    138.661    551.904    77.3614
344.76    113.766    505.455    22.1369    406.27    67.4404    278.687    123.764
435.781    40.2704    355.136    50.3232    320.086    168.666    332.873    30.9922
299.654    37.8698    432.562    21.4557    600.002    40.4517    334.201    33.2774
548.685    95.9398    323.382    22.6753    448.34    100.774    307.237    137.184
339.831    56.3713    359.18    25.4878    320.818    138.782    424.963    76.1693
462.714    41.0669    348.102    39.1388    270.219    51.8229    325.655    175.659
393.91    30.6406    430.639    21.4173    375.889    31.6184    464.057    116.628
326.769    21.7249    352.725    23.7904    278.397    152.554    325.381    84.6565
408.986    36.5789    274.705    53.5698    410.68    62.1668    282.991    154.642
340.289    130.218    302.08    25.7405    498.543    132.586    428.594    42.671
263.215    136.387    263.26    72.0328    448.569    117.644    330.187    85.4036
295.183    36.5294    284.883    76.2078    389.76    164.101    285.005    71.3572
349.551    120.709    312.761    23.8508    690.947    59.0246    276.994    41.6218
339.496    45.7143    325.549    39.1772    633.923    61.5131    300.264    34.8155
259.873    91.3694    504.463    21.0382    568.583    25.3066    522.835    25.0978
289.232    26.8557    469.474    24.2848    257.248    125.813    510.75    100.313
366.871    191.238    449.362    28.0972    324.343    53.4324    317.354    52.7073
310.884    24.3727    532.373    25.8065    329.745    30.4263    479.438    29.4046
269.639    55.3935    307.421    26.3063    458.167    66.7318    534.616    99.6039
435.537    79.5642    287.08    35.4418    654.279    73.4446    712.004    20.5603
520.455    25.5593    265.976    26.5975    341.937    95.2696    308.138    108.569
287.248    167.617    362.262    48.428    472.098    20.5823    422.17    47.4996
343.707    76.466    433.523    38.0346    305.91    61.4472    283.601    49.9222
476.31    29.4925    289.308    41.5394    337.832    45.4122    344.226    161.118
307.131    190.354    324.938    20.2417    376.652    169.281    414.769    124.796
315.371    25.735    258.011    67.8579    333.102    100.45    504.418    74.7301
305.788    28.663    422.277    22.862    378.62    156.207    331.164    65.2321
271.683    138.711    383.213    51.1197    437.49    31.2613    554.514    27.5423
294.588    65.2156    253.388    52.0481    550.439    24.1585    345.492    35.222
315.523    71.6813    334.704    66.8087    381.535    58.8214    281.297    116.221
475.974    128.999    303.362    22.8236    289.399    148.313    380.68    103.295
250.626    63.6775    351.398    20.2197    562.54    93.325    312.7    55.9703
545.19    27.383    334.857    51.6471    601.573    35.3429    612.758    35.7604
567.591    24.5705    342.38    35.5791    312.929    46.9558    322.985    44.2421
368.641    50.6363    256.958    55.6792    413.823    94.8796    268.937    153.664
277.604    85.6508    424.444    22.2468    278.443    79.718    556.07    93.8798
712.264    48.8839    289.186    48.5488    372.196    83.1458    308.763    112.233
464.362    104.801    256.577    49.8343    645.993    43.5444    409.001    71.3462
463.263    21.5381    450.995    33.0192    288.499    58.327    719.146    20.6537
674.68    22.1589    309.175    28.4982    291.52    24.922    377.476    131.289
376.881    169.979    327.38    45.9505    381.092    49.3234    280.61    85.2058
326.205    133.349    338.534    30.1022    663.129    33.5301    742.355    29.5529
322.451    130.762    286.363    84.0083    277.65    43.5774    280.137    74.1807
552.042    33.1455    434.652    22.9719    452.109    59.563    323.138    156.114
284.837    175.807    347.842    27.037    274.72    128.219    342.074    80.954
354.617    150.247    261.322    31.8162    425.42    141.287    296.159    80.8496
260.498    35.7768    258.576    36.9854    506.874    25.4933    554.697    89.9136
567.454    93.2646    251.572    53.2896    502.037    44.3355    394.871    24.9989
435.247    66.1165    302.965    35.4637    456.259    24.131    290.605    39.2157
341.433    110.173    308.184    24.4057    304.949    137.739    551.096    111.387
316.103    127.208    306.352    20.7306    347.003    129.065    668.073    47.3238
480.522    65.0508    334.582    48.4939    482.475    29.866    327.349    32.2336
309.175    121.605    413.717    20.7251    458.06    28.674    524.117    94.3193
459.922    76.4714    269.12    59.0905    301.012    156.02    315.828    190.205
493.889    31.3657    261.811    38.0236    519.845    58.3654    261.536    29.0091
354.846    27.438    293.886    58.684    359.622    28.1521    278.809    151.994
283.433    45.8461    320.208    39.5343    437.674    74.0709    435.507    23.6805
661.557    27.6247    282.075    27.3721    460.807    90.809    463.569    47.3568
405.354    65.331    452.673    24.109    462.317    136.288    289.277    36.2603
250.473    46.7525    261.643    54.7563    397.649    173.253    552.484    24.6803
383.518    46.0823    362.735    49.0268    252.304    147.072    560.602    39.8694
295.991    31.6843    470.634    22.4335    354.923    106.196    299.715    122.105
493.919    118.798    295.305    34.3596    636.074    48.5379    281.449    132.163
687.361    31.8326    278.611    86.9967    322.985    41.1823    404.5    67.4349
337.802    97    468.863    21.4118    304.018    93.2206    332.171    114.716
289.46    33.0741    467.963    25.4219    413.9    97.7746    280.808    184.443
266.236    109.602    393.437    23.9167    344.256    65.5562    579.646    24.3507
417.104    58.6401    328.799    36.4415    530.969    90.3092    308.351    99.2962
712.661    34.9583    367.618    26.7513    627.194    53.6137    419.713    41.0065
475.12    126.884    314.791    29.6298    282.868    115.809    305.605    170.858
444.632    170.622    378.3    28.8058    309.786    48.6093    373.005    20.6647
447.47    125.928    253.296    24.8122    352.954    173.879    486.488    53.7181
585.52    41.2152    295.396    48.1698    687.101    44.9562    410.222    62.6667
383.885    23.8673    313.463    37.2546    617.428    80.9815    653.684    40.0891
324.831    116.37    304.674    43.896    274.537    144.276    475.593    67.6492
350.253    25.1033    313.662    29.8605    517.174    66.9735    380.833    21.3019
345.462    113.777    277.68    70.4672    273.011    33.7828    541.33    78.1249
516.701    33.9036    413.289    39.7046    250.214    20.5164    302.98    92.078
398.091    24.7572    250.641    21.7579    375.889    24.9825    746.109    65.2541
414.235    148.275    280.32    32.5797    398.228    199.577    416.768    30.5252
412.801    167.007    350.009    35.1561    355.96    98.2635    284.379    65.3914
425.848    90.3641    264.649    34.398    465.033    88.359    489.555    89.1061
402.821    50.1968    321.139    57.5085    284.761    45.2309    606.96    28.4652
284.852    175.176    259.476    92.457    253.739    88.2437    254.257    107.047
310.121    115.804    264.893    23.0488    546.091    78.916    257.447    79.1852
374.18    38.6663    265.687    45.2474    473.67    114.353    303.697    69.2312
452.597    29.5474    274.674    27.5643    401.082    160.618    324.313    48.005
670.682    67.9293    283.708    36.5239    258.332    109.695    257.569    177.615
413.442    187.948    262.223    35.1506    270.005    196.534    270.035    163.997
451.697    24.1749    368.671    20.8789    251.205    45.132    285.646    37.8588
326.556    86.1946    339.389    31.157    423.849    179.032    327.532    108.064
651.349    42.5227    358.722    30.6241    573.145    33.7718    433.386    118.353
366.52    110.832    271.912    76.7846    369.739    37.1886    405.248    88.9029
381.352    188.788    252.121    47.6974    453.284    22.472    277.421    47.9446
338.458    102.411    356.891    28.9486    438.284    66.166    645.932    58.3105
547.998    113.156    309.16    32.3325    309.496    72.7195    522.607    42.6765
421.819    135.387    346.713    20.401    518.12    59.6124    548.395    75.6639
348.712    33.3048    410.115    43.072    276.78    132.789    327.471    65.6001
482.261    24.2024    352.618    28.4268    338.015    136.376    313.219    149.291
346.057    171.479    275.178    56.8218    594.569    44.5552    258.271    29.8715
399.754    31.4426    264.924    99.3402    599.345    27.8884    526.33    23.9827
354.724    97.2143    508.904    20.8899    263.169    173.193    338.565    38.6499
267.685    148.407    259.476    91.287    385.533    106.471    306.124    87.9635
741.18    47.3843    273.225    42.4403    374.821    198.599    343.814    21.637
392.033    139.771    260.285    62.8864    602.229    22.1314    601.619    35.1341
658.78    34.7166    452.689    22.2578    435.553    62.8864    306.749    124.664
307.314    69.8135    274.232    43.6982    254.944    58.5247    572.871    42.1546
293.458    131.712    272.965    53.0149    409.093    125.78    441.885    79.1632
371.067    65.1387    379.124    24.6529    485.954    153.147    305.513    39.5123
253.174    106.762    327.792    29.1684    275.132    83.4754    645.154    42.627
456.32    40.5451    423.406    24.5924    557.566    82.635    625.423    20.9064
424.398    57.7941    301.18    52.2129    271.683    43.2038    332.446    139.661
309.236    187.228    282.167    29.053    366.153    49.4443    557.352    29.9155
545.923    29.8056    323.519    24.0431    604.091    90.2982    466.254    94.0501
451.483    116.699    340.579    24.6748    458.502    35.7933    550.058    71.4231
312.014    186.745    337.298    25.3011    266.129    125.17    486.61    113.606
566.05    26.7403    317.019    51.7624    278.23    67.1822    424.49    36.9634
286.439    109.871    284.394    25.6417    401.25    175.862    343.982    81.3056
251.831    56.3768    263.047    64.3641    570.597    75.9771    371.067    96.989
376.82    105.108    265.656    23.0818    313.906    147.28    423.116    58.2171
268.769    172.275    270.707    78.081    328.478    56.256    323.168    79.5422
275.681    143.616    267.747    56.7119    527.947    35.5736    465.781    20.4614
507.653    62.0899    296.373    49.62    684.248    39.6771    326.937    24.9055
587.947    41.9623    271.989    24.2463    655.454    23.285    511.101    77.8008
350.177    125.73    299.638    28.63    505.303    146.27    411.885    34.9913
410.405    89.4961    360.004    29.8715    643.75    51.8064    381.382    110.063
310.457    63.5676    399.525    34.0135    474.052    63.5017    336.795    140.04
523.904    57.3162    255.982    67.9952    476.508    56.4977    383.152    96.5606
367.267    144.171    262.101    56.3439    257.538    73.5929    305.727    104.834
381.703    59.5575    514.611    24.4935    290.666    155.098    354.633    22.6093
703.627    26.4492    395.955    20.9009    454.413    27.4654    288.026    131.311
488.243    87.0516    305.94    55.3056    397.267    43.7642    606.059    31.3987
296.19    88.6721    304.827    37.9083    729.72    43.874    351.947    42.2095
400.166    22.2907    288.453    25.3945    606.67    144.006    306.764    56.5252
260.468    181.136    293.718    79.5422    430.425    22.9444    435.156    64.886
444.51    107.855    276.627    41.3031    286.348    41.869    357.654    186.832
478.996    162.376    280.717    20.3241    300.645    79.8224    393.788    156.081
274.461    71.1539    276.17    35.0627    699.721    64.5454    671.995    39.7925
289.094    26.8831    540.674    21.4887    393.101    151.873    283.097    64.5125
731.75    45.5385    331.042    35.8647    258.255    100.543    265.152    144.858
301.912    140.084    260.849    59.2499    552.469    94.4292    426.473    39.0014
304.384    173.484    296.846    54.9321    507.485    70.3024    271.332    126.148
415.746    119.913    261.429    56.8108    280.747    131.976    425.558    79.8389
528.527    128.438    378.33    24.7572    264.954    62.5349    314.119    149.665
253.479    74.3345    390.156    23.6201    388.493    28.229    274.934    20.7306
380.528    171.77    413.518    33.184    260.788    79.4104    263.779    85.5629
434.027    57.3437    255.417    64.9904    308.306    112.826    463.294    26.0152
270.6    171.248    431.722    32.739    265.687    20.8789    337.619    32.8928
267.884    69.1214    313.631    26.7623    642.178    51.279    710.677    40.188
360.66    105.784    440.527    31.514    388.127    50.1529    649.182    20.39
294.206    20.4944    273.057    65.8419    294.679    131.778    383.015    107.097
347.903    21.7249    429.022    37.9192    510.887    38.4521    462.088    50.4056
307.253    39.32    494.575    26.4052    264.206    172.077    743.957    24.6693
340.075    151.109    279.344    44.2146    302.339    69.5608    496.605    80.9101
524.239    21.5271    263.932    54.6739    498.344    26.9875    288.972    25.2626
350.238    74.785    261.17    22.9389    526.666    64.0455    381.306    39.8199
336.688    86.2221    273.133    42.7808    284.776    161.278    565.897    61.98
447.226    70.632    317.675    48.3895    414.678    51.1472    327.96    21.5766
386.143    45.9944    394.612    25.1912    309.13    121.879    259.064    46.1428
694.899    21.9556    322.344    26.7513    367.74    192.892    472.159    81.2836
571.039    39.9243    283.158    48.1698    506.874    45.3847    462.455    33.9146
282.96    152.367    282.853    21.9941    280.931    133.289    428.747    195.567
521.493    123.731    335.849    28.1741    312.548    176.258    291.032    38.0456
544.321    89.6445    448.874    21.247    309.694    135.085    398.015    60.3485
350.604    44.6596    485.374    23.9387    321.81    27.1029    635.403    61.7164
740.265    24.7517    285.157    30.8548    343.799    121.715    436.239    102.109
283.311    138.887    329.241    20.1923    290.605    28.2015    672.864    30.6131
451.453    85.7552    261.093    100.714    280.091    40.6714    527.291    30.3769
348.773    123.994    361.026    52.8941    536.37    25.9383    310.961    66.4571
261.063    105.971    307.314    43.8301    384.404    37.2326    325.533    56.1241
615.169    29.0365    288.881    52.9435    402.577    189.068    426.672    36.9579
355.533    118.929    312.563    22.7412    468.513    31.4536    679.197    68.4677
303.926    28.8882    298.601    69.1433    514.275    45.5165    689.421    36.4635
322.756    160.003    477.47    28.3169    255.432    25.1582    464.377    46.0604
738.25    44.3959    352.786    31.3987    333.316    87.4636    253.693    43.484
444.967    116.155    416.89    30.3    368.29    60.1233    316.103    45.2254
361.82    174.286    278.138    31.2503    745.514    32.0194    609.706    30.3989
481.59    160.388    298.021    22.8071    355.731    111.469    561.96    34.9144
631.71    40.9351    408.33    34.6232    377.14    136.058    270.737    29.6957
499.107    45.9725    289.125    27.4709    432.501    24.0046    569.803    74.0873
743.377    42.4348    285.066    34.4475    253.54    174.643    295.854    46.4119
355.289    54.2015    290.88    58.0413    418.325    50.9824    415.09    94.6599
514    69.83    371.448    36.5239    426.656    88.1887    266.099    79.9927
279.099    163.788    306.169    70.9616    481.834    33.173    374.607    41.1109
695.433    32.5413    464.087    28.7399    344.165    34.7935    285.31    168.507
368.87    52.581    266.144    29.2233    592.036    57.2008    514.946    144.396
305.498    163.59    285.89    43.8575    540.643    34.0355    638.684    24.4441
532.662    43.1654    270.081    60.4254    325.915    129.987    272.767    83.1294
289.018    101.62    321.169    26.147    315.294    198.083    466.987    122.566
318.529    113.969    364.383    35.5132    437.704    58.4094    278.748    196.907
285.905    113.584    482.322    27.1853    382.908    38.2049    357.379    133.531
315.813    116.216    277.009    35.1836    365.192    196.671    582.957    68.2754
439.673    98.6041    307.497    33.0412    319.887    31.981    735.076    45.1759
444.51    68.4347    284.303    59.2389    463.37    72.692    274.796    146.484
437.292    41.5833    321.398    26.1086    333.254    197.231    482.597    85.096
414.48    107.575    375.324    30.6186    409.032    122.423    298.311    75.0377
474.815    99.0381    264.878    35.4912    527.123    122.363    300.035    47.6095
316.362    88.5513    294.618    36.881    466.788    88.4744    437.429    148.945
462.424    24.6858    531.426    21.2635    375.233    123.253    398.35    85.063
425.863    44.9013    404.408    25.1912    487.617    64.1554    646.435    31.0526
473.685    101.625    313.57    47.0052    291.734    24.6419    290.59    95.363
318.743    103.812    305.864    68.0831    374.027    86.4528    443.548    34.9583
387.501    46.7141    257.935    27.037    364.322    141.743    447.79    119.391
285.234    126.862    309.74    34.9693    572.138    33.6784    421.468    60.2002
421.575    72.6481    316.24    30.0967    630.52    78.9325    305.376    26.0262
295.656    31.503    504.814    21.9776    341.113    191.233    377.537    58.7939
406.667    93.5008    287.461    44.7969    272.858    100.225    276.49    169.567
360.843    82.5306    316.988    66.0121    461.951    57.1129    296.342    73.8841
688.276    27.3501    290.925    78.9764    393.574    29.1244    473.991    44.6046
374.928    83.6677    437.994    22.5544    342.853    161.585    446.005    63.1227
404.378    71.511    253.159    34.6178    255.417    148.511    467.948    155.9
491.752    54.0202    303.392    30.7065    355.594    141.979    663.327    59.4971
582.957    63.3424    290.696    24.7682    263.764    177.197    250.168    69.5389
496.483    61.6395    351.611    20.8075    668.851    27.0644    349.292    58.4753
316.53    73.7303    345.63    39.1168    604.762    41.1713    399.297    123.368
260.575    130.844    339.206    28.4707    271.699    173.379    674.375    35.4637
264.054    94.8631    340.35    32.6182    667.096    23.8728    604.411    79.7455
266.099    105.202    264.756    62.4195    461.447    164.348    409.749    28.207
355.792    139.854    297.99    60.2716    263.306    142.82    369.785    28.3883
283.738    70.4123    292.344    26.625    262.757    149.884    707.9    74.2576
312.731    49.1311    258.499    20.5054    306.078    143.062    728.942    87.101
429.662    117.996    324.725    24.9879    487.495    110.821    277.94    85.9255
418.126    48.6862    412.404    21.8567    539.117    23.4663    457.251    165.068
281.846    49.4443    342.471    29.5639    272.477    106.525    400.426    186.129
504.997    145.067    293.992    23.6476    332.232    54.2289    472.694    75.576
254.273    106.081    290.284    31.5305    433.615    130.548    333.163    62.7161
674.512    47.4062    255.783    35.0737    313.25    21.9776    312.059    119.254
418.096    39.3475    302.965    34.2991    588.054    42.3579    342.471    20.1318
300.722    164.074    327.334    25.8998    345.141    70.9671    309.725    157.954
326.113    49.9387    440.039    36.3646    379.673    76.4714    364.49    61.9581
596.568    106.048    253.586    43.4236    265.671    21.2195    250.946    135.371
344.913    44.1981    403.081    34.7661    489.311    56.8053    503.838    56.9811
669.019    21.615    250.229    38.6059    298.143    177.999    255.127    149.818
345.996    44.9287    338.61    53.9817    302.797    96.2474    431.204    42.9841
294.038    92.7702    263.535    29.5969    489.067    63.0348    318.255    165.98
400.7    108.217    310.228    46.1812    384.602    47.0107    413.076    123.06
276.063    152.148    263.321    90.8695    377.995    23.8673    272.523    145.264
735.687    39.8254    265.687    51.3724    489.738    35.3374    264.679    170.468
687.91    29.0475    344.058    32.1512    582.591    44.6376    400.136    116.891
266.175    82.4702    253.952    50.9494    517.861    148.159    620.251    27.427
321.459    181.856    421.148    26.4217    260.88    91.4573    350.452    45.8516
339.74    147.819    278.169    34.5024    331.072    158.833    320.07    109.151
368.183    156.383    252.564    59.118    628.887    20.7196    316.836    61.9691
438.818    40.6659    277.36    28.9816    549.783    67.5063    641.598    74.0654
355.213    138.832    289.14    24.3233    573.069    67.8359    459.067    55.2123
394.734    122.983    403.172    24.6089    509.758    26.3393    355.731    92.2044
270.524    115.595    343.448    23.3125    323.84    22.1754    300.798    127.697
717.864    25.2681    365.284    30.289    389.409    95.0444    368.564    75.5596
258.377    140.601    264.664    44.5552    365.604    181.861    722.106    46.6976
606.761    32.0579    303.697    52.3777    319.246    58.0908    444.693    99.1589
442.099    179.839    346.622    25.1582    296.068    94.3138    356.143    39.0509
255.676    39.4629    312.014    28.9981    429.708    114.826    470.893    108.596
285.997    58.8104    257.736    40.3748    692.137    48.818    348.3    128.114
607.112    28.1246    322.649    23.0488    327.776    65.276    321.627    53.2951
603.801    41.1548    287.233    28.9541    653.668    52.7787    314.455    39.1168
386.845    29.1958    302.202    78.526    488.182    54.5091    552.835    23.1202
403.89    113.431    254.517    49.3234    537.286    111.651    400.807    44.7475
506.584    76.3396    276.688    48.796    369.022    136.025    326.174    76.3451
517.907    100.274    381.001    20.6043    337.771    89.1885    384.892    68.2479
431.768    20.0385    309.557    37.1886    497.673    170.199    267.731    37.2106
349.429    92.0286    318.148    29.8001    523.675    62.0515    369.022    89.5181
588.313    82.602    297.639    40.9076    626.247    26.7733    258.606    189.002
280.656    61.9691    261.475    56.5087    277.253    192.98    350.94    63.5896
462.5    165.398    260.819    49.8782    450.812    46.6317    255.127    39.0124
669.431    20.5713    281.053    40.0507    429.037    35.1341    598.796    43.2807
496.849    167.243    329.882    24.4935    294.862    174.445    299.562    22.2358
351.367    45.967    261.78    28.1576    462.424    90.3037    316.301    73.0161
579.615    28.2345    327.624    32.2007    409.429    69.1763    278.687    175.143
339.007    135.376    353.381    49.6036    276.078    54.4761    518.578    33.6564
426.229    33.0576    282.579    45.1924    499.031    95.2751    329.897    158.025
306.566    120.511    267.518    32.6676    592.952    25.345    286.332    88.1228
298.296    76.9219    552.881    20.9449    461.6    37.5732    370.731    109.926
546.487    26.9106    334.368    51.68    409.703    23.4443    495.308    83.3656
363.346    59.5025    301.042    33.0412    425.527    74.7136    510.781    51.8558
424.52    72.9337    262.833    28.2015    321.78    94.6544    589.61    40.9241
502.892    103.147    284.12    32.0579    332.675    59.6509    350.558    23.719
262.238    169.144    259.644    54.9596    274.979    59.6948    310.579    87.513
253.54    93.8578    478.126    21.4722    365.207    160.602    316.561    167.1
458.045    35.4582    286.699    43.4675    418.477    179.213    342.761    92.6988
265.458    25.6801    266.938    61.579    420.171    186.146    293.733    92.0341
322.39    197.517    277.924    64.1609    396.199    67.5118    488.716    26.0097
692.213    51.7295    272.217    42.3469    362.918    140.447    562.906    20.1978
497.49    187.541    321.871    23.2246    254.944    48.5104    636.761    29.6573
578.73    65.6221    308.031    21.7853    386.738    62.4799    277.268    79.7894
316.286    61.2439    366.596    36.0021    307.054    59.7772    584.056    21.6645
262.131    69.9783    392.491    27.2457    292.192    198.693    415.273    27.7511
327.059    128.905    257.309    45.7637    381.153    45.5605    496.574    147.808
705    51.2955    332.278    47.4227    259.674    44.4728    502.861    22.0106
722.228    44.8573    253.677    51.268    511.193    27.7621    458.975    62.2657
305.864    65.9847    286.409    36.2438    590.831    54.3004    632.534    29.7067
311.693    115.567    297.044    40.7868    302.797    20.7196    516.518    146.154
621.258    43.0555    330.92    22.6478    471.519    91.7924    504.112    51.2186
496.605    106.602    262.864    29.3442    529.656    82.8657    250.427    45.3572
294.084    84.5466    287.385    73.2524    484.352    66.4901    433.981    36.068
316.332    20.3351    424.581    36.3701    668.226    41.6053    271.073    38.6663
252.915    194.161    277.528    29.2727    563.44    65.8913    452.109    71.7307
364.246    99.5325    418.02    27.2897    511.986    22.1754    584.117    53.1523
398.183    49.7629    352.1    42.5666    365.421    33.4092    387.562    145.622
264.679    28.3004    402.776    29.1189    591.365    89.985    348.972    93.4294
506.706    47.2634    308.702    34.6232    623.531    53.773    500.71    81.2506
286.821    59.6509    405.858    31.0416    290.727    172.923    626.415    58.1787
411.306    61.7164    254.196    56.4812    611.705    27.5423    382.359    97.434
678.617    29.6298    285.463    42.7973    546.365    37.4358    385.411    98.1976
578.394    71.2912    261.231    26.9985    406.743    76.5923    451.804    88.8589
302.782    128.817    258.881    32.1732    414.983    103.268    329.562    84.8268
531.167    30.4593    304.521    38.7707    331.362    77.5481    472.159    66.5889
365.787    57.9479    451.056    29.0475    723.708    32.772    399.754    20.0824
358.554    130.548    277.436    86.0298    279.221    27.0974    305.483    60.9088
333.285    78.9819    257.279    28.8113    720.214    82.8932    695.845    21.67
497.261    128.719    289.399    41.2372    251.968    29.6573    275.407    143.886
465.949    127.153    256.088    61.0791    250.641    86.1617    512.459    26.3063
465.69    38.4027    301.775    25.779    477.195    173.638    334.353    86.3375
271.928    65.4958    300.89    33.7828    647.504    43.7806    401.311    169.314
368.534    33.1236    320.559    25.7845    387.028    156.954    518.014    106.438
543.497    116.166    295.579    48.7082    305.589    78.4161    427.618    33.607
310.411    56.0472    324.648    59.6179    285.234    155.114    409.81    86.2111
398.915    64.2708    330.493    39.1388    316.698    188.98    346.484    93.1822
299.547    181.861    315.34    34.2882    443.182    74.8399    514.534    32.2611
254.898    78.7677    388.371    48.8565    280.488    58.7609    327.288    103.685
283.998    66.6768    256.775    58.9752    313.295    109.217    396.672    94.1105
268.525    70.1431    325.869    22.5105    411.031    120.067    473.106    72.9612
351.337    79.1467    265.793    68.4732    364.643    68.9236    684.263    28.0367
265.397    112.925    262.406    40.0836    264.298    61.7768    652.829    39.1058
378.285    116.177    399.449    22.9389    306.719    63.5072    284.349    142.842
402.577    124.571    271.683    56.624    522.897    51.7954    384.342    100.499
744.812    31.0306    337.97    24.9934    285.356    64.5839    339.953    60.4584
310.076    64.9355    453.574    28.1576    289.537    50.0815    450.797    35.0243
306.642    62.8919    272.782    65.2376    438.864    28.1191    407.659    101.351
551.95    105.092    261.277    54.1685    284.547    139.919    358.615    34.5738
348.758    86.4034    317.476    47.4337    402.806    134.701    270.371    146.055
660.062    47.8512    301.454    47.5161    734.436    38.496    561.304    24.8781
469.398    95.5828    293.382    70.5716    298.753    35.4747    263.382    156.372
478.874    139.568    365.482    25.5043    454.489    26.5755    352.115    91.3254
274.735    170.023    306.963    36.9414    552.454    91.5616    410.207    28.262
510.781    60.1288    325.228    30.9592    308.947    59.508    469.413    65.0288
386.86    46.2142    279.435    48.3566    662.473    42.627    306.581    180.383
681.913    58.717    287.065    31.8986    393.696    114.524    281.327    115.985
277.207    102.279    319.842    56.9866    373.707    24.6638    251.038    128.356
726.165    23.9167    253.418    49.8672    610.347    28.2839    562.265    89.4797
382.649    165.48    265.198    55.7067    279.405    111.272    345.965    66.5889
444.159    80.8661    256.18    63.4632    392.521    53.2237    433.737    95.0499
436.972    63.7159    394.017    37.1612    307.283    26.6799    398.717    108.141
350.681    51.2296    390.416    27.9543    621.914    45.6044    368.625    52.7787
325.091    74.2412    266.297    31.5195    343.02    60.1068    348.193    151.285
565.332    25.0539    388.966    34.7111    256.485    121.522    331.576    101.158
313.662    85.4695    321.963    47.9501    427.48    87.3263    266.144    41.6932
264.878    116.095    266.236    30.9977    391.652    119.803    275.376    182.603
250.336    92.6438    508.477    27.3611    258.011    114.43    701.292    26.0042
555.185    20.9339    254.425    23.4169    250.427    60.9363    463.126    184.19
543.725    76.9933    250.107    47.7908    358.356    68.16    575.739    41.457
259.262    52.4216    452.963    20.5933    371.235    30.1517    259.384    134.228
278.062    118.215    270.264    50.2408    357.547    179.081    483.009    93.281
385.166    66.8142    279.969    28.3828    294.008    56.7174    491.554    88.6447
273.377    60.8264    297.899    66.3417    373.936    60.2881    305.742    99.049
358.768    154.284    291.307    54.0257    378.254    124.176    268.555    44.2256
280.381    64.9025    334.384    25.0923    299.562    87.5845    534.845    148.324
479.072    43.0226    255.188    59.3213    335.772    189.002    593.944    42.5996
359.851    20.9174    472.678    25.6801    429.662    111.277    378.437    82.992
320.666    71.868    300.63    42.0502    437.551    67.6547    323.397    27.5478
572.016    54.5036    251.755    64.6498    433.538    52.7952    319.048    196.616
258.057    177.851    299.959    51.757    512.185    56.2725    361.667    99.5654
633.801    30.7779    332.202    25.8669    524.545    58.6236    277.299    42.5117
358.921    62.6228    263.092    29.9759    460.044    143.529    440.283    70.9671
421.178    99.8071    349.628    27.7236    412.297    38.7213    508.919    54.196
411.29    183.372    441.58    24.0266    258.362    116.672    306.49    74.6971
480.583    47.2579    307.909    22.8785    685.774    87.3867    334.445    59.8376
445.532    85.5409    441.595    20.5383    485.603    58.0248    395.054    21.6755
393.391    39.9683    274.628    60.2387    617.458    33.986    519.677    66.3967
509.438    57.7007    399.586    36.7107    451.285    36.2383    265.671    49.2575
572.489    81.2342    342.303    40.3253    344.79    51.5372    270.6    178.197
504.28    75.4497    256.668    54.7618    305.025    62.3151    280.168    128.427
498.558    25.8065    265    69.5389    731.124    51.9382    587.382    27.0919
378.086    177.236    261.521    45.4946    347.232    83.1788    256.47    101.191
578.089    98.9172    261.567    24.4496    320.757    147.313    322.222    74.7465
431.997    157.833    291.154    64.2927    326.647    35.5956    297.823    84.5137
314.547    57.6293    314.089    30.8383    449.042    26.2899    400.395    76.1364
735.336    40.0507    361.362    47.2195    583.171    20.7306    290.956    52.3447
717.711    77.6855    357.837    33.5136    385.014    33.585    447.287    21.5326
544.275    47.4447    416.89    29.1684    324.16    25.2626    521.233    49.252
533.09    58.0963    296.419    34.1234    569.91    30.6955    273.24    97.4834
628.14    32.5742    255.783    29.6463    287.584    79.3005    318.453    94.7588
470.939    61.6614    448.126    24.4771    373.554    43.6433    302.873    169.512
453.742    64.5564    269.517    21.5052    270.02    149.582    374.348    100.659
381.153    165.211    280.671    77.4987    327.441    27.2567    293.168    48.862
368.931    75.8562    309.679    37.5951    480.186    49.5431    459.403    110.387
264.115    89.6719    337.161    48.2467    386.158    151.681    338.153    90.3916
403.401    34.453    289.445    45.3902    440.573    109.607    439.734    73.7797
409.124    102.438    251.373    56.7724    604.289    50.0266    283.113    81.9593
689.161    34.2332    310.335    56.5856    725.28    22.06    364.093    51.9657
486.534    100.977    264.42    37.0403    280.549    148.072    297.38    156.899
504.616    23.4938    320.208    47.7139    593.135    43.2862    365.604    170.929
289.949    106.839    434.225    24.9495    430.761    34.9364    293.657    174.209
410.772    51.7515    286.576    25.6362    729.095    40.4022    302.553    135.278
353.29    155.493    289.277    56.4043    363.804    119.814    376.926    48.5708
427.664    41.5064    419.164    32.8214    302.446    152.73    376.041    76.1309
332.156    156.949    256.195    36.1614    299.745    78.8171    285.615    64.3806
345.676    60.6671    298.097    48.7301    388.691    192.304    359.775    84.9147
387.089    86.0024    351.23    25.8779    608.287    54.6904    562.815    52.4766
618.007    40.633    337.13    33.162    329.943    179.208    313.066    69.5169
270.875    95.0334    286.302    26.9051    478.004    106.948    602.84    54.7948
438.879    103.713    304.552    38.6828    354.724    76.8285    311.296    189.958
259.461    86.0958    422.918    40.5725    283.235    126.192    327.944    98.4118
424.306    28.9157    357.685    36.6887    483.757    100.285    260.91    62.2437
674.223    24.109    377.995    20.3955    535.958    25.1253    421.514    104.932
302.126    105.322    251.526    63.6775    257.935    182.993    395.512    132.635
256.333    20.4559    283.906    66.4241    526.605    89.0347    398    44.2421
528.863    28.5202    302.767    47.159    706.191    59.2883    329.211    82.2944
513.741    60.1672    252.747    30.5472    366.169    96.7364    284.013    118.968
484.855    71.6483    298.357    25.4769    268.555    186.602    512.246    85.6783
334.658    27.383    515.557    31.7942    289.201    52.2514    299.364    94.9181
451.559    132.284    270.203    20.6482    263.291    191.689    440.405    58.9642
359.302    157.07    346.896    22.8565    311.525    60.3101    354.831    184.421
743.271    38.9355    259.4    26.0866    324.694    124.577    365.39    156.987
342.074    36.6887    309.496    24.0925    346.896    135.569    332.4    21.3459
260.147    173.319    284.135    43.7257    346.667    124.082    264.924    38.7652
458.96    102.032    275.498    63.216    384.968    33.4037    326.891    106.943
327.059    156.268    252.136    63.8862    475.654    112.997    304.277    51.1307
302.355    100.428    261.994    77.6965    287.507    128.455    314.592    147.533
741.287    72.5602    331.347    24.4881    264.71    134.096    318.575    115.073
466.285    118.419    337.725    23.6531    286.561    108.827    389.622    124.445
402.73    36.7162    269.227    20.1263    529.534    143.666    264.954    142.523
707.747    29.3881    288.255    31.9315    259.827    38.4686    711.913    71.4945
482.032    161.195    273.225    20.8899    474.952    59.2279    629.879    40.1715
365.329    137.118    250.732    60.0629    405.446    28.7838    645.947    45.9175
346.82    29.4211    253.769    22.9994    334.338    119.534    494.957    136.503
355.152    114.337    307.192    57.1349    723.373    23.8673    584.376    39.7705
379.826    106.405    373.28    31.6404    491.737    78.2513    265.061    119.567
348.132    164.848    295.9    53.6302    306.673    43.2533    467.658    76.3231
629.91    21.7139    265.854    39.9188    427.023    112.024    427.145    101.658
648.968    23.8179    313.036    31.1405    334.902    191.095    360.767    146.599
345.737    154.114    293.062    48.5324    511.925    33.4092    455.237    64.6718
333.575    156.993    378.605    49.62    326.357    25.1802    286.653    56.5142
297.639    29.9924    294.801    72.758    454.81    21.1261    425.787    24.3837
736.511    61.6285    295.503    43.8575    294.71    133.487    362.949    22.7357
394.505    143.99    266.923    27.2787    700.514    37.8478    450.98    127.856
432.562    88.3316    271.516    52.982    615.169    39.2047    269.608    143.226
317.629    160.734    360.675    36.3317    513.527    56.9152    576.853    27.5643
355.182    27.2622    268.403    39.8694    279.588    75.3069    558.588    105.767
578.898    49.697    307.115    49.4058    450.11    38.0786    336.138    182.191
271.76    91.7319    412.938    30.7779    356.861    123.412    711.653    31.8821
527.627    59.0576    275.3    37.9852    421.422    47.8402    411.992    140.87
472.175    38.1719    255.036    81.3385    360.553    22.1259    271.256    149.368
692.396    91.6001    320.65    20.5878    469.581    29.1409    309.908    49.0268
462.958    113.711    342.441    21.1811    250.519    192.589    343.89    93.9183
258.637    89.9411    325.625    73.8072    270.31    92.078    522.362    26.9381
320.666    130.317    253.632    28.5806    317.69    43.6213    511.376    81.5802
412.679    22.3951    368.717    28.3499    255.905    42.4897    461.066    93.704
273.362    88.0789    320.482    63.7049    508.66    58.4094    440.68    33.7938
505.745    87.1615    310.686    55.8769    251.785    22.7357    289.888    124.241
320.07    80.9925    360.477    32.9203    546.884    126.043    303.056    35.1231
297.258    149.225    256.561    77.0208    352.268    33.7498    670.179    27.4819
283.189    149.983    318.285    27.4764    540.124    48.2192    490.15    48.4005
466.681    38.3312    271.256    86.1397    284.913    73.2139    282.685    117.331
495.369    21.3349    381.321    21.7359    559.198    96.588    360.248    47.8896
641.354    47.4337    333.514    27.6852    522.164    111.849    401.296    40.4627
312.517    108.553    288.789    21.258    344.852    26.5151    261.689    113.535
543.939    124.588    322.314    21.9062    274.476    171.198    413.305    69.4235
499.153    32.371    271.744    68.9291    374.744    40.7263    258.454    158.762
382.038    161.668    302.492    46.2966    499.428    70.4398    286.821    93.8304
454.23    36.2877    273.362    45.6209    565.119    21.2799    265.061    51.2241
478.553    115.123    279.817    22.6093    516.366    25.2901    607.006    38.1664
680.967    29.1354    328.036    40.0232    254.257    131.465    374.058    72.0438
442.923    148.885    300.02    38.9959    281.526    43.7037    384.327    105.449
318.056    43.2972    273.118    51.6746    590.999    102.362    250.656    120.616
589.015    94.6544    321.261    23.0488    361.316    65.4189    381.26    134.267
283.815    108.915    270.783    51.9053    283.235    76.4989    548.578    38.6554
314.379    114.733    271.699    21.4008    457.48    60.0409    306.124    89.5401
724.059    23.5926    261.734    72.7689    289.827    123.412    353.183    98.6206
314.165    120.918    347.797    40.0342    695.967    32.4149    599.147    43.1379
367.862    145.578    340.243    28.3663    334.719    30.0473    334.643    90.9519
300.935    43.0885    308.687    29.3661    468.772    35.7659    334.628    169.045
472.312    22.7192    300.05    45.7472    471.732    115.842    439.108    61.4417
260.163    26.625    338.382    21.5986    501.778    185.684    281.449    45.7692
468.879    144.067    278.764    26.2569    296.281    24.3013    371.57    68.2479
594.63    30.1627    361.805    28.8443    387.15    83.2337    312.792    75.6749
639.218    60.0244    368.809    30.8274    292.039    113.513    549.02    38.0895
400.319    104.482    251.938    20.1209    507.195    43.2368    606.105    34.2717
299.44    163.656    388.524    26.0866    449.011    60.1672    309.069    58.1951
267.67    156.905    250.29    66.1824    323.214    94.1929    342.013    170.677
408.895    43.6543    542.993    21.6974    254.563    54.2784    312.7    65.71
359.165    45.7582    256.073    40.567    500.649    57.6897    426.717    165.172
357.257    175.648    269.059    72.4668    373.92    73.0491    454.031    34.854
371.677    199.165    422.094    20.2252    296.663    127.587    691.404    25.1747
542.184    20.3461    280.427    58.1732    349.704    64.6113    346.866    50.6034
466.788    45.8022    279.344    43.2917    538.98    122.863    255.341    35.1067
475.227    35.667    254.532    25.5702    619.35    59.6069    610.515    103.872
290.223    136.244    250.122    43.8191    375.935    119.369    250.534    41.8744
340.976    80.2124    295.824    55.2782    549.295    68.7039    317.934    43.9399
325.655    131.91    353.946    34.398    438.482    52.982    528.695    82.3493
385.06    154.274    384.648    21.9227    546.106    72.9557    283.799    155.998
259.186    101.614    273.179    20.2857    461.188    81.6407    323.366    20.0604
635.678    20.8515    272.767    75.999    349.811    139.409    368.061    85.2498
518.517    33.4477    260.605    65.2321    262.04    168.353    538.522    66.4077
258.316    141.705    313.204    59.3762    361.56    165.156    273.362    39.1223
640.225    49.4992    348.468    22.1314    719.787    44.4563    270.615    174.451
316.317    26.8447    424.184    36.87    443.304    29.5309    285.859    197.204
720.473    24.0761    345.248    31.8381    371.647    92.7482    664.06    29.8056
266.511    134.201    272.019    34.6892    316.79    165.463    536.767    36.0076
280.473    147.149    364.673    37.0623    634.869    25.5593    288.499    82.1131
334.231    134.349    281.404    60.7221    398.762    33.9476    338.168    169.951
488.38    42.248    364.902    27.1963    251.358    70.2475    445.105    115.985
257.08    77.0482    322.024    34.3156    503.655    105.103    560.938    34.3211
366.642    193.161    282.228    49.263    444.54    25.6032    501.427    59.0301
413.549    22.1644    374.744    27.8774    506.02    27.3885    372.639    172.434
412.984    111.233    303.041    24.1639    268.845    185.459    481.681    70.0113
362.033    26.2954    255.982    35.8647    368.458    157.196    469.306    67.7041
449.118    113.799    333.743    36.2053    433.004    129.614    300.951    27.4819
302.232    71.9669    294.237    21.9172    534.005    91.1002    545.984    44.1432
250.87    98.3129    326.434    37.0513    374.866    77.2845    487.419    79.8004
285.813    139.194    255.493    79.5148    510.094    81.1078    346.744    47.9171
291.231    120.913    292.482    27.026    331.042    65.7869    472.373    142.221
636.578    29.1409    265.229    70.4617    336.52    124.708    497.52    58.5302
571.68    46.0439    321.963    27.5698    395.817    109.728    500.343    79.3115
391.118    149.351    274.537    54.5585    651.715    29.7507    307.573    70.5881
286.302    141.43    367.496    47.8018    650.266    29.6793    275.315    73.6534
399.739    55.3221    401.219    22.2578    709.578    47.5216    376.621    152.043
412.496    117.183    346.515    25.0978    558.771    24.12    398.167    184.251
299.745    97.7856    264.054    28.3499    660.169    39.353    479.957    65.7595
622.753    55.9264    338.916    42.0997    439.261    66.0891    283.54    51.9877
442.419    66.6274    257.172    28.0148    254.151    124.033    690.062    61.8097
500.511    65.4134    277.772    28.1082    537.271    30.1846    672.834    38.2818
362.766    27.1413    314.943    30.1737    315.6    112.711    250.153    147.011
259.629    125.758    358.737    43.9839    403.325    60.4804    290.071    127.367
630.306    23.4278    340.716    31.3437    421.56    97.1264    382.756    154.032
260.712    124.664    259.72    50.0375    454.581    27.1963    529.641    22.2633
263.703    115.897    275.3    32.4918    493.706    61.4417    472.007    79.6026
328.097    73.3348    270.096    90.8475    371.662    36.881    384.159    108.585
253.54    153.554    361.744    27.0534    427.19    27.0699    265.03    22.8181
368.732    77.268    358.31    31.6129    472.144    55.2892    289.094    48.6642
291.108    149.302    270.035    62.8974    609.172    71.2967    343.31    30.4758
599.208    31.2064    255.463    25.0154    461.539    126.576    498.695    57.8655
253.296    187.514    408.406    23.5597    294.557    152.455    668.683    33.7718
252.152    62.7601    307.36    23.0927    279.054    143.605    471.702    44.9397
283.113    77.6855    407.796    20.8515    383.747    117.66    463.294    150.044
291.719    187.942    400.41    21.1042    726.104    51.1802    270.417    187.459
259.842    58.0029    294.282    29.5694    327.227    116.37    554.727    31.2888
366.886    53.5148    457.968    20.8954    470.756    39.8804    684.95    40.5396
296.358    98.9831    254.593    48.796    592.692    90.9354    485.267    63.6665
350.833    41.2427    285.173    61.9636    379.948    186.92    515.007    24.3013
747.467    23.0158    482.978    20.3681    484.916    53.8884    429.846    93.4404
296.571    21.9886    306.856    37.4633    665.189    45.5934    392.781    185.119
710.189    23.9882    256.546    26.7843    546.93    76.6857    440.405    37.6336
431.753    152.549    302.156    39.9792    271.409    118.869    451.91    68.182
454.81    25.9383    443.258    29.2618    561.274    87.0406    294.511    56.9262
382.572    69.9838    376.988    37.7874    547.205    53.5917    362.69    29.7232
299.089    36.3811    377.781    48.7136    361.957    27.3556    314.501    70.4288
282.792    141.117    323.595    34.2882    316.546    30.9867    371.265    106.311
250.931    112.568    345.416    53.4599    258.332    112.233    274.735    49.3179
372.99    28.7619    259.766    76.4769    603.664    21.8567    388.661    42.9182
413.823    54.4871    277.1    34.5244    288.011    161.64    420.309    183.229
355.991    97.7252    256.211    88.1008    253.143    64.8476    390.675    52.4216
370.197    120.264    319.399    22.6093    325.198    50.1914    342.654    140.502
302.309    62.0734    579.875    20.0879    380.07    114.26    537.622    21.236
392.003    119.166    284.135    43.7751    416.86    101.12    278.321    71.3132
308.84    107.141    354.328    46.8569    346.301    58.8928    690.535    37.683
267.823    49.4333    268.998    67.6766    265.091    171.841    335.742    60.755
564.997    49.653    330.584    23.6311    373.89    73.1095    438.452    155.334
355.67    42.627    351.856    29.9155    429.724    69.0555    689.528    57.1514
383.717    29.1958    360.111    39.5892    493.995    48.5543    365.04    142.232
372.41    103.949    324.145    28.9871    442.801    21.2415    474.082    135.085
524.56    22.4171    380.528    27.004    266.816    33.3488    435.293    190.376
283.006    186.953    263.291    38.9575    416.799    98.0822    387.761    176.104
364.719    62.6118    302.858    42.1546    323.382    169.512    314.577    145.627
268.784    40.0946    277.223    34.3156    428.274    136.514    451.132    45.8681
275.3    74.9718    327.029    20.6647    508.705    100.455    262.085    94.7588
264.054    44.2476    297.594    26.158    483.36    156.778    534.234    22.2687
324.709    62.4525    270.905    87.1175    355.426    167.853    284.043    37.2161
618.74    25.378    267.975    40.9021    416.906    187.19    494.728    64.3971
482.917    20.6757    278.489    81.2726    701.292    23.3509    606.182    44.297
274.857    95.8354    470.054    32.8269    423.345    32.9148    384.007    84.6675
556.436    28.8772    264.74    37.8259    256.76    166.32    539.056    98.1701
296.571    70.253    367.084    50.2518    592.494    45.088    299.44    28.8717
399.815    82.9865    320.559    42.4128    463.111    124.033    372.379    28.8498
544.519    92.6218    276.032    39.0179    683.164    33.5026    619.64    32.8928
383.091    53.4709    289.079    50.2847    423.33    175.994    252.884    140.71
407.857    30.5033    290.147    92.3966    264.435    54.8662    258.835    135.453
580.638    41.0724    327.471    32.5962    386.174    49.0927    435.537    74.2247
437.689    169.776    267.029    23.296    307.222    85.4146    277.238    116.864
525.826    58.5742    418.493    35.6395    308.184    24.7737    252.289    98.7414
509.163    141.128    281.144    51.4713    341.571    24.2848    384.907    78.8501
441.61    39.7046    454.703    21.7524    468.97    20.8844    401.204    50.7956
358.951    53.9268    323.397    33.6015    401.723    29.855    740.844    42.9456
382.481    50.7077    308.092    38.4521    704.543    79.718    290.696    24.3233
585.047    73.4007    289.567    32.371    276.612    135.085    401.173    95.9563
365.589    169.507    383.625    37.304    488.166    30.2231    269.272    67.3305
562.403    65.8199    266.465    40.4736    389.943    31.1844    569.575    58.5247
439.322    95.5553    325.381    21.8403    482.658    99.7412    528.161    34.3815
661.298    24.5155    318.926    35.4912    261.628    114.617    447.851    51.6746
391.667    132.449    288.865    24.098    286.546    80.2509    370.64    110.948
487.541    81.9538    253.265    53.4489    270.6    91.298    483.1    30.5417
259.308    73.2579    287.843    44.6596    403.34    95.0114    282.701    64.051
350.177    36.458    571.268    25.5757    339.496    68.7259    434.591    25.7735
575.892    80.6738    271.989    21.1481    366.214    44.1542    413.778    91.4682
431.448    102.559    256.211    32.1238    501.03    122.868    586.879    22.8126
324.938    21.3953    288.835    29.3167    699.599    48.0984    377.659    181.037
276.887    138.337    494.697    22.1754    351.856    41.1219    436.163    35.1781
388.401    170.457    359.287    30.7779    303.041    63.5017    322.939    185.289
533.09    34.4859    257.172    26.5151    386.845    183.229    368.381    193.798
674.253    44.3025    292.634    43.1983    614.086    45.7857    296.342    123.571
543.512    49.6036    421.041    23.3564    374.714    176.208    321.932    89.8093
566.904    61.4307    299.211    67.4899    459.113    52.0042    255.493    33.9201
286.775    136.42    333.514    23.6915    461.768    66.2539    282.975    27.2127
524.529    69.5883    303.072    28.6135    546.716    60.9583    293.443    190.952
575.709    75.5211    250.824    37.6281    569.681    29.4266    422.628    35.5626
270.295    125.011    341.372    35.3978    406.743    64.8476    375.416    167.161
289.506    52.092    268.296    36.3262    683.76    89.9136    616.344    23.1532
505.089    21.7084    293.825    53.6137    321.871    144.951    300.386    181.509
518.426    57.8051    271.317    31.8271    274.4    136.514    706.725    61.8262
748.55    34.1234    260.163    34.799    371.876    195.754    302.065    55.031
653.485    61.1011    344.012    33.162    322.604    172.061    302.248    39.3255
305.971    81.6681    442.16    22.8565    495.247    90.0674    280.519    199.714
507.805    25.367    370.426    36.6503    441.595    148.313    398.961    38.1719
628.552    79.2785    313.097    26.8062    278.779    146.264    447.562    98.2196
423.94    103.323    379.414    33.0027    357.746    132.91    310.64    98.4777
454.001    47.626    446.219    24.944    437.078    21.7579    639.599    33.0906
515.587    70.5112    252.731    37.5182    497.459    70.5881    679.746    39.7925
338.626    66.9955    263.611    78.7512    323.855    102.081    345.172    186.195
449.759    101.884    323.412    31.6733    312.563    99.1754    524.621    79.9213
390.782    164.453    313.799    48.0435    283.631    81.6132    587.687    21.3239
462.256    88.4799    277.177    40.2429    492.088    76.2297    712.844    27.3501
448.187    22.2852    395.054    29.2782    362.125    127.01    308.947    91.5287
315.996    94.5006    259.11    100.851    341.128    99.9609    411.84    51.2186
543.832    143.402    335.101    25.0594    333.453    45.555    321.154    86.354
389.775    121.5    275.101    39.5453    348.743    86.2935    511.177    60.0189
352.283    194.237    251.511    22.7631    398.289    80.119    250.87    115.447
516.518    186.091    362.369    25.3999    372.028    33.5575    331.118    20.2747
515.114    139.436    257.599    51.0813    280    53.35    277.894    82.4262
281.266    105.608    278.047    44.2915    487.434    103.339    441.382    21.8897
620.22    36.6778    260.498    45.7088    256.439    67.2591    555.994    115.024
352.405    99.7851    269.425    25.2571    390.339    133.624    274.171    142.6
568.903    39.743    338.321    48.8345    360.63    49.6915    550.226    35.4363
446.402    35.6944    316.408    34.1453    599.757    87.8372    527.337    63.6555
252.38    81.1133    365.772    25.4384    397.862    68.7259    653.256    33.9915
418.981    174.934    289.216    27.1468    268.647    91.4518    707.884    43.1819
299.577    25.6252    397.023    39.6881    599.422    24.1694    398.228    100.181
347.781    113.535    253.555    29.6463    542.138    111.519    354.068    41.7701
366.337    59.4531    251.923    31.9095    321.886    55.3056    334.582    129.059
289.842    105.229    259.415    36.914    637.707    99.5764    272.187    177.659
735.595    61.1451    303.453    45.989    278.321    59.162    314.852    25.334
268.052    56.234    285.661    26.3558    429.327    151.23    387.577    103.142
285.264    182.745    253.357    89.5511    282.09    182.427    306.581    51.8009
287.065    43.3137    346.82    22.1424    325.503    61.9691    588.557    94.9895
259.69    85.6948    449.561    20.4505    705.031    40.9076    410.451    55.4265
452.918    20.8899    418.722    27.416    670.698    54.7014    337.802    94.0281
681.211    35.3044    256.348    64.1169    397.496    70.8847    338.076    140.524
426.595    79.0753    263.703    27.4929    450.018    90.7102    358.936    83.4864
254.776    32.9862    354.099    47.7029    705.26    22.2468    529.244    46.4229
593.226    123.374    282.075    33.9146    284.486    38.2214    391.911    58.3929
294.984    28.7619    266.526    80.4651    403.844    110.591    478.767    28.9267
526.498    20.0439    305.818    35.0078    506.996    40.4132    489.494    127.625
523.446    30.4923    356.937    24.9165    471.427    176.901    380.161    20.9668
370.518    81.6352    303.285    58.7994    743.896    22.2852    293.992    53.9653
462.622    61.568    262.848    41.1328    344.348    94.9345    478.919    140.15
606.456    55.9264    348.468    39.3091    321.825    88.8424    412.282    85.4146
277.467    113.106    306.749    44.7365    382.344    35.2    357.303    123.181
359.577    88.6557    287.629    50.1749    566.996    52.1415    346.927    153.351
352.039    123.824    353.229    50.1914    287.461    92.4296    368.885    53.4764
296.953    38.0786    283.769    69.6927    351.489    146.369    311.251    144.825
365.375    119.094    365.345    29.4925    262.009    122.456    453.024    107.531
354.801    21.9501    280.412    35.7219    346.805    152.104    678.983    37.9907
570.978    30.6516    404.271    31.2174    356.525    111.469    423.33    79.5972
258.286    160.822    250.504    64.5619    579.6    48.5763    369.282    29.5364
354.511    32.6402    283.525    23.8673    326.022    105.141    638.165    82.9481
509.56    24.8177    405.858    34.9858    280.946    61.4747    731.323    38.8861
254.517    64.3916    305.62    75.7079    329.608    145.616    484.504    23.7849
427.633    22.2633    345.874    53.5258    258.698    191.535    486.03    62.5733
683.454    60.7166    329.501    22.5434    447.043    34.6178    531.137    68.0831
286.729    45.2089    266.465    100.038    640.988    22.4445    384.449    21.0273
725.402    43.1709    297.212    51.1582    568.873    38.7652    253.052    55.1958
257.248    46.5328    306.429    46.2966    388.646    190.623    372.059    49.5102
691.969    60.1453    358.6    33.8926    398.03    91.1057    346.637    38.9355
347.537    75.5046    314.257    21.5656    412.191    135.409    418.92    127.856
435.095    131.712    337.161    37.4853    475.211    40.3912    377.75    106.493
424.566    62.5349    260.834    39.4244    460.99    157.58    375.141    70.3793
260.88    71.89    275.849    27.5369    365.162    40.8417    308.504    146.753
320.025    90.4025    282.807    67.8359    292.848    155.334    287.309    102.23
403.203    142.825    370.396    37.2381    374.012    69.3027    333.712    50.8121
418.813    38.095    398.473    33.4532    412.816    108.761    429.449    26.6854
350.635    66.3802    259.537    47.7853    441.916    114.656    276.811    43.6872
397.588    21.9391    288.621    29.2398    295.137    64.7542    475.105    143.979
304.933    110.492    276.811    44.1157    571.085    61.8372    257.904    163.398
312.777    55.3111    262.391    21.7689    286.256    95.8574    283.311    127.938
310.747    117.205    428.793    31.6294    696.104    30.1572    431.89    36.4635
630.169    98.2745    258.194    30.2835    291.932    34.6178    327.029    183.778
289.155    97.2582    276.231    60.8759    260.422    124.621    510.048    20.4724
437.124    61.1451    391.408    24.8067    294.359    187.069    299.303    164.909
286.18    45.1759    254.929    121.187    571.345    34.2662    410.146    39.743
478.355    176.999    264.893    37.7929    271.332    25.6691    476.035    66.8966
346.271    70.6265    269.105    39.3695    349.933    173.253    291.292    106.668
432.089    68.6819    284.501    71.912    559.427    30.6076    260.147    69.5993
593.196    81.3385    292.528    39.6332    272.126    30.267    493.95    31.5195
341.418    27.4764    395.711    29.0036    287.797    90.1059    309.755    62.4744
349.963    134.536    287.172    22.9279    360.34    162.64    374.485    183.954
465.491    86.7385    253.891    22.895    615.001    48.4884    552.591    64.2268
300.295    131.877    304.674    83.86    292.833    23.6366    585.856    25.3725
311.373    143.605    358.875    34.5463    324.038    171.803    335.406    77.224
366.047    115.32    272.141    83.827    491.234    30.9427    276.353    41.5723
470.511    23.4004    311.449    25.1692    306.642    111.854    403.6    53.1138
330.401    81.7835    271.439    82.9591    271.928    43.072    541.894    71.4121
326.617    69.5938    258.911    84.1182    368.397    89.2929    434.622    72.8678
315.294    184.893    259.4    90.4355    435.064    27.1303    359.775    90.3476
254.7    39.0619    296.602    31.8491    574.183    97.1374    413.579    87.925
590.724    33.2829    425.558    21.1481    265.183    122.335    680.158    55.388
489.982    78.3721    256.088    61.4582    319.933    22.2303    399.388    87.7877
583.506    52.7787    347.964    33.5685    273.331    108.553    494.713    75.3618
559.931    44.7694    403.005    20.846    383.671    142.875    421.087    56.1736
507.515    71.1374    392.14    38.7872    324.77    23.1312    256.409    165.595
350.436    68.3193    256.165    22.3127    428.045    95.2806    582.224    104.575
338.229    124.192    273.453    47.203    330.081    25.8394    332.034    148.692
501.976    69.5114    280.274    54.1136    634.365    25.5867    264.771    183.542
516.228    143.77    270.005    36.3756    397.694    39.353    250.58    138.398
