Unit: ~~~~
R1   L1   R2   L2   R3   L3   R4   L4

250.168    143.715    344.287    20.8954    472.144    102.592    261.856    167.837
255.463    133.443    327.151    26.6799    305.422    130.399    280.686    123.725
516.701    40.6055    302.492    54.0422    370.365    82.3548    468.162    100.214
421.392    87.8811    326.754    24.1749    599.788    26.5865    291.978    176.796
448.767    24.4771    272.111    47.0052    500.511    41.0669    343.86    98.4997
250.168    252.762    344.287    20.8954    472.144    102.592    261.856    167.837
316.958    33.5136    343.905    49.3783    271.119    35.5901    616.558    21.7359
250.168    143.715    148.978    20.8954    472.144    102.592    261.856    167.837
250.168    143.715    344.287    20.8954    472.144    102.592    189.777    167.837
305.513    95.1158    337.497    37.1941    332.446    136.629    489.525    37.4963
251.404    109.684    267.106    84.7444    412.496    56.7888    306.536    187.876
331.393    111.211    292.482    22.7577    528.542    60.6836    578.501    89.9741
250.168    143.715    344.287    20.8954    472.144    371.281    261.856    167.837
572.733    23.1861    378.59    32.739    313.57    136.354    292.436    156.592
250.168    143.715    344.287    20.8954    124.203    102.592    261.856    167.837
479.408    26.6909    386.372    32.7061    533.746    29.2453    309.771    189.431
250.168    143.715    344.287    20.8954    64.5839    102.592    261.856    167.837
184.393    143.715    344.287    20.8954    472.144    102.592    261.856    167.837
307.558    40.188    388.142    37.738    391.148    117.941    255.768    39.5068
697.874    24.3452    419.225    42.4952    265.931    55.1189    352.222    39.342
478.629    100.269    272.538    37.3754    501.198    99.461    521.981    45.4396
464.789    58.9422    448.447    29.2563    265.122    63.2929    314.44    77.2021
250.168    387.928    344.287    20.8954    472.144    102.592    261.856    167.837
400.838    27.0095    271.836    91.1881    346.393    34.9968    311.51    44.4398
250.168    143.715    344.287    20.8954    472.144    269.517    261.856    167.837
640.24    33.162    302.354    22.9719    737.274    81.0364    458.228    28.3059
250.168    143.715    344.287    20.8954    472.144    102.592    261.856    347.232
267.167    190.645    365.39    30.9153    253.739    48.4664    625.576    61.5186
271.317    192.491    268.448    34.7661    338.794    128.219    511.345    104.993
290.788    108.344    349.734    32.9258    355.197    175.291    391.82    60.8319
250.168    143.715    118.462    20.8954    472.144    102.592    261.856    167.837
250.168    413.778    344.287    20.8954    472.144    102.592    261.856    167.837
250.168    504.463    344.287    20.8954    472.144    102.592    261.856    167.837
250.168    143.715    344.287    20.8954    472.144    291.154    261.856    167.837
250.168    143.715    344.287    20.8954    61.4142    102.592    261.856    167.837
250.168    143.715    141.441    20.8954    472.144    102.592    261.856    167.837
250.168    143.715    344.287    20.8954    472.144    102.592    148.242    167.837
250.168    143.715    344.287    20.8954    472.144    102.592    261.856    291.719
250.168    312.578    344.287    20.8954    472.144    102.592    261.856    167.837
410.405    88.2766    276.566    26.8667    333.789    133.355    292.451    173.753
439.917    191.293    275.101    26.0152    416.86    54.152    405.721    77.0977
195.446    143.715    344.287    20.8954    472.144    102.592    261.856    167.837
383.824    136.288    300.981    70.5771    418.6    32.4589    270.905    45.6923
347.415    81.388    304.491    24.4441    581.858    90.5454    287.98    164.447
404.439    161.113    253.235    55.7506    452.139    27.1688    304.872    183.981
274.033    189.832    294.328    38.7817    304.064    89.606    258.683    108.432
318.636    163.338    311.785    49.3893    451.209    33.0302    500.801    89.573
388.34    30.1132    308.016    43.9235    405.843    145.325    510.521    31.2888
250.168    143.715    160.168    20.8954    472.144    102.592    261.856    167.837
588.328    48.6917    334.094    31.1679    254.975    81.4704    386.494    190.744
268.479    94.7258    281.068    30.6186    342.959    46.8624    486.869    185.542
250.168    143.715    344.287    20.8954    472.144    102.592    261.856    254.044
421.422    96.2035    301.622    30.1956    361.515    35.1891    481.391    150.725
30.2725    143.715    344.287    20.8954    472.144    102.592    261.856    167.837
250.168    143.715    344.287    20.8954    472.144    102.592    166.216    167.837
308.473    128.642    420.965    20.0824    293.535    29.3606    312.654    178.384
253.388    38.7323    334.429    32.761    338.9    142.979    403.722    144.907
250.168    516.366    344.287    20.8954    472.144    102.592    261.856    167.837
132.443    143.715    344.287    20.8954    472.144    102.592    261.856    167.837
250.168    143.715    344.287    20.8954    472.144    102.592    261.856    474.128
257.63    100.274    311.327    24.4661    649.106    40.3967    491.661    154.114
250.168    143.715    344.287    20.8954    167.688    102.592    261.856    167.837
250.168    143.715    344.287    20.8954    153.768    102.592    261.856    167.837
250.168    453.269    344.287    20.8954    472.144    102.592    261.856    167.837
480.262    78.2403    303.377    20.4614    415.716    80.3278    415.7    179.422
250.168    143.715    344.287    20.8954    472.144    102.592    261.856    512.856
250.168    143.715    344.287    20.8954    103.944    102.592    261.856    167.837
270.234    188.777    430.166    20.6153    314.913    176.977    272.004    174.088
250.168    143.715    140.787    20.8954    472.144    102.592    261.856    167.837
250.015    122.011    250.153    99.9445    279.328    164.832    318.957    117.073
275.361    26.614    375.935    43.7147    493.37    39.1113    510.155    65.4244
51.3175    143.715    344.287    20.8954    472.144    102.592    261.856    167.837
425.298    50.2078    379.215    20.8625    396.519    177.988    404.012    107.641
672.697    56.69    253.342    79.284    264.237    23.9717    265.854    158.058
250.168    143.715    344.287    20.8954    472.144    102.592    261.856    274.033
400.502    37.7819    251.602    80.0476    486.473    44.6706    261.49    66.133
633.496    81.6132    411.351    20.5383    526.131    39.0674    360.584    66.155
491.844    24.911    425.573    33.0576    384.007    41.8305    301.393    43.7202
265.778    50.1859    254.654    108.195    304.674    44.1981    405.583    98.1152
447.501    65.1222    258.469    36.9799    440.802    98.2635    621.853    50.2628
372.425    96.989    293.916    41.0614    558.817    63.0238    461.219    94.962
621.715    21.7853    313.234    36.6503    534.204    36.3701    335.696    166.535
490.013    84.4478    388.813    27.8884    352.069    48.3236    537.423    59.2993
478.492    179.889    280.168    28.3663    472.312    49.4333    294.465    65.8254
307.634    122.363    415.319    20.0604    268.342    56.5361    386.28    121.121
356.296    42.3798    269.745    53.2511    650.83    58.8763    570.139    53.6741
276.887    140.458    305.33    33.3708    346.103    82.2779    301.607    153.312
293.626    56.9097    366.398    23.4773    276.536    168.787    290.483    149.351
310.884    29.2453    285.966    41.0614    675.932    56.9317    700.392    47.1865
250.168    143.715    344.287    20.8954    138.656    102.592    261.856    167.837
560.678    33.0467    262.558    100.829    468.299    51.2021    366.214    21.9666
425.619    153.428    278.291    24.9165    455.466    122.473    252.365    146.594
250.168    446.463    344.287    20.8954    472.144    102.592    261.856    167.837
604.93    51.2351    433.248    21.648    429.952    35.9362    613.033    69.3081
250.168    143.715    344.287    20.8954    472.144    102.592    261.856    358.325
26.1141    143.715    344.287    20.8954    472.144    102.592    261.856    167.837
250.168    143.715    344.287    20.8954    472.144    102.592    28.663    167.837
563.181    24.5759    269.089    23.2575    389.958    120.001    498.146    154.911
477.836    62.6063    282.136    60.8264    397.13    72.9173    304.552    196.177
250.168    143.715    163.348    20.8954    472.144    102.592    261.856    167.837
358.722    92.2922    346.912    27.8225    646.222    22.0051    452.231    43.9674
368.854    198.874    251.465    40.9626    341.418    57.8491    306.383    91.4518
514.504    23.8069    255.066    58.706    572.504    41.4954    348.666    199.258
250.168    143.715    344.287    20.8954    472.144    102.592    261.856    434.256
250.168    143.715    344.287    20.8954    472.144    102.592    261.856    498.009
250.168    143.715    344.287    20.8954    472.144    337.359    261.856    167.837
423.345    44.3959    298.463    43.6378    726.257    23.6805    504.738    30.4099
250.168    143.715    344.287    20.8954    472.144    102.592    169.485    167.837
250.168    143.715    191.947    20.8954    472.144    102.592    261.856    167.837
250.168    143.715    344.287    20.8954    472.144    102.592    94.105    167.837
338.397    41.1274    294.069    55.3661    382.176    97.0165    357.959    197.885
302.019    186.173    485.435    21.8842    286.882    104.592    256.638    152.126
300.996    35.5132    353.824    60.2112    429.739    46.0329    355.258    29.5749
259.11    20.0494    256.394    55.7561    311.846    169.353    304.872    188.953
741.852    43.8411    307.955    20.9723    529.534    29.3057    562.937    63.6555
486.183    107.959    319.491    24.2683    507.53    47.8347    294.908    62.5623
428.64    54.9156    374.516    23.329    432.562    94.2259    449.759    138.162
250.168    143.715    344.287    20.8954    472.144    102.592    94.2039    167.837
250.168    343.005    344.287    20.8954    472.144    102.592    261.856    167.837
386.28    21.9062    253.54    32.9533    381.321    98.0547    583.781    116.661
358.31    91.4408    364.185    20.1318    367.817    87.5515    443.152    178.373
250.168    143.715    344.287    20.8954    472.144    102.592    56.9372    167.837
250.168    453.314    344.287    20.8954    472.144    102.592    261.856    167.837
326.601    179.647    334.353    30.9592    547.082    20.1373    422.994    87.8207
250.168    143.715    344.287    20.8954    472.144    297.029    261.856    167.837
280.946    40.3473    328.066    28.4103    583.049    103.125    630.49    41.7206
729.965    25.7515    271.47    69.5389    312.273    31.6898    396.229    157.811
250.168    143.715    344.287    20.8954    472.144    102.592    261.856    393.666
551.508    48.9828    278.245    62.2932    468.772    49.8563    393.544    84.4148
395.894    45.7747    397.801    25.2022    355.67    106.536    343.631    188.513
270.478    80.1465    270.859    22.6148    471.839    186.745    395.238    140.381
278.825    46.8404    257.126    94.0446    618.053    21.4393    272.538    123.286
250.168    522.958    344.287    20.8954    472.144    102.592    261.856    167.837
487.083    158.251    391.636    29.5364    280.503    23.1971    285.859    42.0228
614.91    63.9357    345.019    26.2734    371.357    189.684    254.471    115.71
313.478    195.534    304.857    38.6444    376.072    35.7768    405.538    146.292
250.168    251.16    344.287    20.8954    472.144    102.592    261.856    167.837
250.168    143.715    344.287    20.8954    472.144    326.663    261.856    167.837
396.092    116.556    346.683    24.6858    335.91    194.084    381.184    95.7256
454.123    85.5135    354.999    24.8012    454.108    50.0266    355.075    191.277
250.168    143.715    344.287    20.8954    81.9373    102.592    261.856    167.837
342.883    175.725    326.8    25.4329    279.878    35.5571    412.587    70.5387
681.501    60.0793    278.428    58.6126    354.953    55.2562    530.45    35.656
250.168    143.715    344.287    20.8954    472.144    102.592    180.433    167.837
419.515    88.0514    301.012    26.7348    289.048    59.129    283.494    195.094
501.808    76.0155    296.19    24.142    470.801    154.85    356.754    38.7213
362.186    68.6709    266.709    38.139    350.513    149.511    493.751    139.167
310.701    28.619    273.194    83.6457    491.874    30.3385    702.94    45.6374
287.217    136.129    256.806    47.159    506.386    36.914    447.897    160.448
147.654    143.715    344.287    20.8954    472.144    102.592    261.856    167.837
250.168    469.672    344.287    20.8954    472.144    102.592    261.856    167.837
250.168    143.715    344.287    20.8954    472.144    102.592    261.856    430.242
250.168    143.715    344.287    20.8954    472.144    102.592    261.856    413.121
537.805    32.0029    329.974    35.9636    632.549    96.4342    250.671    43.5224
633.77    27.0205    313.952    47.9171    258.896    152.812    509.59    67.5723
250.168    359.043    344.287    20.8954    472.144    102.592    261.856    167.837
405.568    28.2894    277.116    42.0228    284.913    39.2322    316.012    77.9492
250.168    143.715    344.287    20.8954    472.144    278.916    261.856    167.837
250.168    143.715    344.287    20.8954    116.04    102.592    261.856    167.837
413.198    78.7072    490.837    23.9882    355.533    29.7012    343.402    99.1919
250.168    143.715    56.657    20.8954    472.144    102.592    261.856    167.837
346.774    126.406    256.424    32.0084    370.823    48.1808    295.961    119.138
21.4722    143.715    344.287    20.8954    472.144    102.592    261.856    167.837
250.168    143.715    344.287    20.8954    472.144    102.592    73.6808    167.837
370.487    60.5792    296.51    52.2623    449.622    130.982    472.633    28.5531
84.3379    143.715    344.287    20.8954    472.144    102.592    261.856    167.837
334.384    27.5698    290.529    40.5176    308    188.343    286.439    166.87
484.26    106.674    309.801    40.578    303.957    107.514    254.212    195.012
250.168    143.715    344.287    20.8954    472.144    280.793    261.856    167.837
324.252    114.007    325.9    20.7361    387.394    76.3066    448.691    160.745
250.168    143.715    344.287    20.8954    472.144    313.738    261.856    167.837
282.609    161.64    250.259    25.8504    250.931    48.1149    283.692    119.292
266.984    197.308    381.962    20.4559    327.227    189.03    453.131    97.3901
301.683    139.365    291.139    30.4428    347.522    146.341    367.145    176.972
314.165    31.9919    364.628    26.1306    263.855    173.247    349.094    177.346
250.168    143.715    344.287    20.8954    106.476    102.592    261.856    167.837
386.677    24.3782    280.137    54.0367    565.18    68.7149    373.814    144.512
250.168    143.715    344.287    20.8954    472.144    102.592    261.856    389.409
250.168    143.715    344.287    20.8954    472.144    288.27    261.856    167.837
250.168    143.715    48.1698    20.8954    472.144    102.592    261.856    167.837
250.168    501.579    344.287    20.8954    472.144    102.592    261.856    167.837
250.168    143.715    344.287    20.8954    472.144    102.592    261.856    436.773
250.168    143.715    344.287    20.8954    80.0201    102.592    261.856    167.837
331.927    62.9414    419.729    41.9074    517.602    26.2679    255.203    177.983
250.168    143.715    344.287    20.8954    472.144    102.592    261.856    264.832
250.168    143.715    344.287    20.8954    472.144    102.592    261.856    513.115
468.955    29.5694    260.727    50.3891    317.431    150.549    377.552    186.426
26.3503    143.715    344.287    20.8954    472.144    102.592    261.856    167.837
348.621    89.7873    383.808    44.7694    354.602    82.981    253.525    63.9521
340.396    45.7527    346.255    57.2558    316.973    37.5896    363.453    66.3472
360.248    63.1446    259.919    87.1065    388.798    38.4191    259.247    110.459
354.389    35.4857    300.813    54.7673    271.897    115.93    389.18    158.987
497.032    28.0697    320.727    32.1622    447.638    85.2113    287.828    135.398
388.432    41.3636    263.886    71.8351    291.612    73.8237    716.292    60.9418
392.735    135.371    265.564    25.1143    395.009    28.0422    739.105    45.6868
595.866    61.4307    337.405    24.6693    367.985    172.868    628.811    24.8286
288.911    80.5695    311.007    59.8157    442.404    132.965    293.886    37.5512
353.122    20.1813    258.057    63.7599    549.951    24.0156    365.101    175.412
400.929    87.925    284.074    37.8588    533.09    84.294    443.93    59.6179
250.168    143.715    344.287    20.8954    472.144    346.988    261.856    167.837
290.086    189.178    276.414    64.1115    438.528    27.5808    450.507    81.6187
250.168    143.715    344.287    20.8954    33.6674    102.592    261.856    167.837
250.168    335.223    344.287    20.8954    472.144    102.592    261.856    167.837
292.375    179.532    326.586    28.5806    383.045    82.2175    427.282    98.5656
250.168    458.014    344.287    20.8954    472.144    102.592    261.856    167.837
304.628    105.02    436.605    24.4551    328.295    167.974    653.15    41.402
301.576    28.0862    255.219    75.8232    611.141    28.4378    634.198    65.2815
250.168    143.715    344.287    20.8954    472.144    102.592    261.856    495.415
456.946    142.243    264.389    55.1958    485.359    35.4418    272.477    104.586
372.425    37.282    309.236    49.5596    485.115    53.9433    256.302    159.992
250.168    143.715    186.821    20.8954    472.144    102.592    261.856    167.837
250.168    143.715    344.287    20.8954    472.144    333.163    261.856    167.837
254.517    46.6756    278.672    119.94    412.389    28.7069    263.031    23.9717
250.168    295.839    344.287    20.8954    472.144    102.592    261.856    167.837
415.578    91.8912    261.628    21.0273    281.922    199.066    290.132    62.7271
653.256    24.12    386.448    22.6588    253.845    140.502    464.057    161.783
250.168    143.715    344.287    20.8954    472.144    102.592    61.5735    167.837
250.168    143.715    154.576    20.8954    472.144    102.592    261.856    167.837
250.168    143.715    344.287    20.8954    48.9499    102.592    261.856    167.837
250.168    143.715    344.287    20.8954    63.4577    102.592    261.856    167.837
176.829    143.715    344.287    20.8954    472.144    102.592    261.856    167.837
57.2503    143.715    344.287    20.8954    472.144    102.592    261.856    167.837
250.168    143.715    344.287    20.8954    472.144    102.592    261.856    409.047
414.632    29.6408    269.669    38.4741    453.055    161.212    271.241    182.224
449.286    78.9599    258.637    43.5554    326.159    172.951    281.953    113.628
415.075    192.474    265.931    29.6683    576.304    46.7251    330.981    30.1737
728.668    29.6023    490.104    30.6351    461.615    26.3063    358.966    34.1728
716.094    34.2607    250.488    29.8111    474.342    137.057    266.022    141.908
379.139    183.273    273.56    55.7616    413.182    26.7348    379.292    124.384
184.74    143.715    344.287    20.8954    472.144    102.592    261.856    167.837
452.383    111.36    260.773    32.9148    312.96    153.092    673.017    41.814
250.168    143.715    168.913    20.8954    472.144    102.592    261.856    167.837
305.651    36.6723    282.411    44.5717    318.117    24.5375    578.822    135.662
152.884    143.715    344.287    20.8954    472.144    102.592    261.856    167.837
250.168    143.715    344.287    20.8954    472.144    374.943    261.856    167.837
379.368    195.051    329.241    27.9708    298.799    144.556    422.903    102.713
91.7539    143.715    344.287    20.8954    472.144    102.592    261.856    167.837
250.168    143.715    182.355    20.8954    472.144    102.592    261.856    167.837
318.819    117.402    412.404    22.9829    583.247    58.3215    252.121    161.047
250.168    143.715    344.287    20.8954    472.144    102.592    261.856    314.531
62.5294    143.715    344.287    20.8954    472.144    102.592    261.856    167.837
257.859    188.36    290.513    30.8219    394.093    23.9937    326.113    95.341
320.025    115.589    251.77    53.5313    531.289    102.241    264.817    164.903
404.027    98.6535    313.021    61.167    334.445    51.0428    303.835    59.5135
280.839    92.1879    365.131    41.5229    425.268    80.0861    292.344    184.756
250.168    143.715    344.287    20.8954    108.349    102.592    261.856    167.837
665.433    62.1943    339.572    27.1688    388.905    142.194    384.022    44.0388
581.767    74.4169    267.533    43.7422    611.858    21.3459    411.718    44.687
280.107    185.124    296.831    46.2471    396.26    180.817    567.362    22.9005
250.168    143.715    344.287    20.8954    197.237    102.592    261.856    167.837
250.168    143.715    344.287    20.8954    472.144    350.101    261.856    167.837
464.805    21.6645    388.691    33.4642    566.218    53.1632    475.089    45.9999
497.063    82.223    269.12    41.7371    410.436    83.7172    340.838    167.941
396.931    37.2765    255.417    85.2553    453.482    106.223    342.151    93.8743
250.168    143.715    344.287    20.8954    96.3134    102.592    261.856    167.837
250.168    143.715    344.287    20.8954    190.304    102.592    261.856    167.837
250.168    143.715    344.287    20.8954    472.144    318.85    261.856    167.837
463.965    45.3737    289.323    27.2292    252.06    191.771    525.994    87.4252
408.437    37.6446    315.081    49.3289    415.639    51.0868    711.699    45.3737
328.799    128.191    250.305    46.3021    747.33    36.8645    350.101    164.293
250.168    143.715    33.3048    20.8954    472.144    102.592    261.856    167.837
274.339    104.394    261.216    56.0692    463.874    87.123    348.758    159.706
378.956    52.4766    418.874    22.5379    278.825    94.8466    300.478    188.305
250.168    143.715    199.731    20.8954    472.144    102.592    261.856    167.837
250.168    143.715    56.3549    20.8954    472.144    102.592    261.856    167.837
275.361    173.187    290.162    37.4468    602.885    36.1504    307.68    174.132
260.254    81.2397    276.795    100.126    315.416    64.062    281.999    31.8766
291.765    61.991    250.198    54.8936    398.213    75.164    454.566    172.242
719.634    25.9548    272.034    40.0397    635.022    26.6634    448.263    142.254
379.765    30.4923    326.647    51.301    255.57    149.088    679.731    55.5199
282.304    25.3121    308.504    32.8379    511.742    33.8212    447.287    173.962
594.279    63.3259    297.365    22.3017    400.334    21.9117    578.715    64.7432
250.168    143.715    344.287    20.8954    139.991    102.592    261.856    167.837
329.928    151.038    275.407    55.5528    428.014    54.7728    452.2    111.343
311.739    189.217    278.504    20.5383    667.814    86.8758    415.99    57.4975
250.168    361.759    344.287    20.8954    472.144    102.592    261.856    167.837
602.107    93.0393    381.642    21.3404    276.048    58.7445    445.212    93.8084
369.16    49.0542    283.906    28.7729    353.58    98.9007    475.455    68.4072
116.056    143.715    344.287    20.8954    472.144    102.592    261.856    167.837
284.577    39.2212    327.731    27.8719    625.912    83.3876    522.866    78.9435
251.495    150.027    358.081    39.9792    488.334    69.7971    310.808    146.781
293.733    132.212    488.411    22.5874    357.654    66.4351    409.352    114.051
250.168    409.337    344.287    20.8954    472.144    102.592    261.856    167.837
250.168    369.846    344.287    20.8954    472.144    102.592    261.856    167.837
250.168    286.821    344.287    20.8954    472.144    102.592    261.856    167.837
652.173    91.7704    300.722    34.3211    357.883    23.9387    316.973    114.969
250.168    143.715    344.287    20.8954    472.144    291.902    261.856    167.837
408.65    55.0859    379.307    24.2244    371.952    68.7918    579.981    74.7191
250.168    297.441    344.287    20.8954    472.144    102.592    261.856    167.837
283.815    145.358    461.432    24.955    407.552    96.4837    575.892    33.3543
421.697    179.186    316.912    20.3351    340.655    69.0774    405.293    54.6409
385.533    170.49    438.269    20.6317    282.563    199.462    483.207    43.1324
414.022    75.3453    297.792    60.9033    282.212    190.381    379.292    34.9034
437.918    74.9773    315.706    55.4759    301.607    46.5273    472.51    81.767
466.514    66.2703    300.569    31.3437    448.355    109.415    449.347    35.5571
278.871    20.4944    337.588    49.8178    437.277    54.4652    377.049    115.254
301.79    156.042    358.432    37.5896    299.73    94.116    306.017    187.7
408.986    36.5789    274.705    53.5698    410.68    62.1668    282.991    154.642
250.168    143.715    344.287    20.8954    472.144    102.592    261.856    469.947
250.168    143.715    344.287    20.8954    472.144    102.592    57.7612    167.837
250.168    143.715    344.287    20.8954    472.144    102.592    140.09    167.837
491.966    50.0266    354.221    30.4318    484.901    72.7415    456.931    25.7955
180.383    143.715    344.287    20.8954    472.144    102.592    261.856    167.837
69.9344    143.715    344.287    20.8954    472.144    102.592    261.856    167.837
250.168    143.715    344.287    20.8954    472.144    102.592    261.856    476.035
366.871    191.238    449.362    28.0972    324.343    53.4324    317.354    52.7073
250.168    143.715    344.287    20.8954    472.144    295.412    261.856    167.837
138.661    143.715    344.287    20.8954    472.144    102.592    261.856    167.837
250.168    143.715    344.287    20.8954    472.144    102.592    114.386    167.837
250.168    143.715    344.287    20.8954    472.144    102.592    261.856    378.574
257.294    110.959    251.77    45.1759    274.11    127.587    585.963    43.7587
250.168    143.715    344.287    20.8954    472.144    377.247    261.856    167.837
476.31    29.4925    289.308    41.5394    337.832    45.4122    344.226    161.118
307.131    190.354    324.938    20.2417    376.652    169.281    414.769    124.796
493.202    139.095    261.536    25.5977    380.192    131.537    556.009    38.54
562.433    80.4541    292.055    25.5208    306.124    81.7615    610.21    65.6771
415.792    171.775    339.267    28.0422    736.679    25.9877    364.383    77.8558
475.257    73.4941    257.874    21.9117    611.37    57.2997    607.57    69.5279
432.257    119.308    266.984    50.5704    345.111    32.1458    350.864    82.8053
250.168    143.715    344.287    20.8954    472.144    342.013    261.856    167.837
250.168    143.715    344.287    20.8954    472.144    102.592    261.856    292.085
545.19    27.383    334.857    51.6471    601.573    35.3429    612.758    35.7604
567.591    24.5705    342.38    35.5791    312.929    46.9558    322.985    44.2421
250.168    397.374    344.287    20.8954    472.144    102.592    261.856    167.837
187.327    143.715    344.287    20.8954    472.144    102.592    261.856    167.837
328.036    161.118    314.608    35.7823    721.709    30.0034    475.379    77.5207
250.168    143.715    344.287    20.8954    472.144    349.78    261.856    167.837
313.234    119.572    263.627    58.4313    463.446    87.4471    604.503    38.9575
426.931    23.9937    314.989    80.3223    499.26    24.8561    470.649    33.3927
376.881    169.979    327.38    45.9505    381.092    49.3234    280.61    85.2058
250.168    143.715    344.287    20.8954    472.144    102.592    261.856    428.808
465.079    109.53    258.652    24.7847    403.249    76.1638    376.362    46.9503
317.568    94.1435    259.735    90.1938    362.476    100.411    484.962    53.8939
284.837    175.807    347.842    27.037    274.72    128.219    342.074    80.954
556.146    50.1144    338.778    41.4624    367.206    101.038    323.901    153.351
250.168    143.715    344.287    20.8954    472.144    265.717    261.856    167.837
250.168    143.715    344.287    20.8954    472.144    102.592    196.688    167.837
250.168    490.913    344.287    20.8954    472.144    102.592    261.856    167.837
250.168    143.715    344.287    20.8954    472.144    102.592    74.362    167.837
518.654    40.7923    322.924    30.5527    353.549    91.4243    470.756    71.055
530.435    119.193    250.015    45.555    282.014    168.018    346.24    23.5212
250.168    513.573    344.287    20.8954    472.144    102.592    261.856    167.837
459.922    76.4714    269.12    59.0905    301.012    156.02    315.828    190.205
99.3017    143.715    344.287    20.8954    472.144    102.592    261.856    167.837
354.846    27.438    293.886    58.684    359.622    28.1521    278.809    151.994
250.168    143.715    344.287    20.8954    472.144    102.592    261.856    417.425
253.235    69.2642    282.96    73.3842    398.595    24.2903    409.688    146.253
250.168    359.455    344.287    20.8954    472.144    102.592    261.856    167.837
250.168    431.158    344.287    20.8954    472.144    102.592    261.856    167.837
545.419    30.7505    418.142    27.9653    446.509    132.646    354.526    71.6593
66.7428    143.715    344.287    20.8954    472.144    102.592    261.856    167.837
493.919    118.798    295.305    34.3596    636.074    48.5379    281.449    132.163
687.361    31.8326    278.611    86.9967    322.985    41.1823    404.5    67.4349
331.912    119.77    287.065    36.7492    256.134    55.465    418.95    86.2166
289.46    33.0741    467.963    25.4219    413.9    97.7746    280.808    184.443
175.549    143.715    344.287    20.8954    472.144    102.592    261.856    167.837
331.652    160.651    394.841    30.0693    505.837    69.1214    285.844    20.8899
250.168    143.715    155.592    20.8954    472.144    102.592    261.856    167.837
475.12    126.884    314.791    29.6298    282.868    115.809    305.605    170.858
250.168    143.715    344.287    20.8954    76.0375    102.592    261.856    167.837
250.168    370.182    344.287    20.8954    472.144    102.592    261.856    167.837
71.6208    143.715    344.287    20.8954    472.144    102.592    261.856    167.837
250.168    143.715    344.287    20.8954    472.144    102.592    87.7657    167.837
555.414    26.4272    293.382    55.1353    438.055    66.2209    729.049    45.0826
292.726    142.765    355.914    47.3293    301.79    107.536    359.302    23.0708
126.587    143.715    344.287    20.8954    472.144    102.592    261.856    167.837
250.168    143.715    147.237    20.8954    472.144    102.592    261.856    167.837
250.168    143.715    344.287    20.8954    472.144    286.012    261.856    167.837
414.235    148.275    280.32    32.5797    398.228    199.577    416.768    30.5252
250.168    143.715    344.287    20.8954    472.144    102.592    100.911    167.837
497.291    136.431    253.876    29.4705    285.844    191.958    352.802    47.3074
250.168    143.715    344.287    20.8954    472.144    102.592    261.856    402.272
284.852    175.176    259.476    92.457    253.739    88.2437    254.257    107.047
250.168    143.715    344.287    20.8954    34.4145    102.592    261.856    167.837
250.168    143.715    344.287    20.8954    131.57    102.592    261.856    167.837
250.168    311.342    344.287    20.8954    472.144    102.592    261.856    167.837
670.682    67.9293    283.708    36.5239    258.332    109.695    257.569    177.615
413.442    187.948    262.223    35.1506    270.005    196.534    270.035    163.997
250.168    143.715    30.5747    20.8954    472.144    102.592    261.856    167.837
326.556    86.1946    339.389    31.157    423.849    179.032    327.532    108.064
250.168    143.715    344.287    20.8954    472.144    358.798    261.856    167.837
250.168    143.715    344.287    20.8954    52.7677    102.592    261.856    167.837
163.162    143.715    344.287    20.8954    472.144    102.592    261.856    167.837
250.168    143.715    344.287    20.8954    472.144    361.866    261.856    167.837
269.333    43.8411    275.208    32.5742    407.659    94.7258    278.642    90.3916
250.168    400.578    344.287    20.8954    472.144    102.592    261.856    167.837
279.832    102.839    373.005    20.3406    396.214    186.283    354.419    125.071
482.261    24.2024    352.618    28.4268    338.015    136.376    313.219    149.291
250.168    143.715    344.287    20.8954    472.144    263.596    261.856    167.837
399.754    31.4426    264.924    99.3402    599.345    27.8884    526.33    23.9827
31.0416    143.715    344.287    20.8954    472.144    102.592    261.856    167.837
505.76    82.19    271.668    42.3524    530.404    64.3147    298.112    188.294
741.18    47.3843    273.225    42.4403    374.821    198.599    343.814    21.637
250.168    143.715    152.027    20.8954    472.144    102.592    261.856    167.837
250.168    415.303    344.287    20.8954    472.144    102.592    261.856    167.837
250.168    143.715    344.287    20.8954    170.759    102.592    261.856    167.837
449.606    83.3161    342.608    36.7711    370.35    170.847    311.861    21.0053
250.168    143.715    344.287    20.8954    472.144    102.592    122.044    167.837
250.168    143.715    344.287    20.8954    39.5892    102.592    261.856    167.837
491.142    26.5096    262.101    45.5385    377.476    151.197    343.631    50.9934
250.168    143.715    344.287    20.8954    472.144    102.592    55.0859    167.837
250.168    143.715    344.287    20.8954    56.3933    102.592    261.856    167.837
250.168    315.935    344.287    20.8954    472.144    102.592    261.856    167.837
377.476    61.1011    326.312    21.9776    584.468    64.2598    462.455    23.5047
312.014    186.745    337.298    25.3011    266.129    125.17    486.61    113.606
566.05    26.7403    317.019    51.7624    278.23    67.1822    424.49    36.9634
250.168    143.715    344.287    20.8954    472.144    343.158    261.856    167.837
251.831    56.3768    263.047    64.3641    570.597    75.9771    371.067    96.989
316.21    122.17    286.286    26.5206    263.672    126.681    367.481    126.488
268.769    172.275    270.707    78.081    328.478    56.256    323.168    79.5422
678.083    34.5244    284.532    78.7237    420.873    65.7045    340.075    20.7471
122.017    143.715    344.287    20.8954    472.144    102.592    261.856    167.837
43.7367    143.715    344.287    20.8954    472.144    102.592    261.856    167.837
312.609    25.9877    284.867    59.0191    310.808    188.843    361.957    109.333
517.129    61.156    389.134    28.4597    301.424    128.296    365.329    40.9516
318.377    139.288    314.119    71.7307    417.547    54.8442    336.489    37.0513
523.904    57.3162    255.982    67.9952    476.508    56.4977    383.152    96.5606
367.267    144.171    262.101    56.3439    257.538    73.5929    305.727    104.834
532.052    61.3868    271.851    36.3427    325.213    150.357    387.165    148.209
250.168    143.715    344.287    20.8954    472.144    281.77    261.856    167.837
250.168    143.715    166.496    20.8954    472.144    102.592    261.856    167.837
414.266    39.9738    278.092    47.5436    259.827    72.6316    736.328    58.0358
78.8226    143.715    344.287    20.8954    472.144    102.592    261.856    167.837
260.468    181.136    293.718    79.5422    430.425    22.9444    435.156    64.886
444.51    107.855    276.627    41.3031    286.348    41.869    357.654    186.832
478.996    162.376    280.717    20.3241    300.645    79.8224    393.788    156.081
250.168    143.715    344.287    20.8954    472.144    102.592    261.856    419.561
110.838    143.715    344.287    20.8954    472.144    102.592    261.856    167.837
176.516    143.715    344.287    20.8954    472.144    102.592    261.856    167.837
250.168    143.715    344.287    20.8954    88.9029    102.592    261.856    167.837
304.384    173.484    296.846    54.9321    507.485    70.3024    271.332    126.148
250.168    143.715    344.287    20.8954    472.144    345.401    261.856    167.837
528.527    128.438    378.33    24.7572    264.954    62.5349    314.119    149.665
250.168    143.715    344.287    20.8954    92.1494    102.592    261.856    167.837
380.528    171.77    413.518    33.184    260.788    79.4104    263.779    85.5629
297.594    108.184    296.571    68.182    292.573    49.4333    578.135    38.5894
138.854    143.715    344.287    20.8954    472.144    102.592    261.856    167.837
165.766    143.715    344.287    20.8954    472.144    102.592    261.856    167.837
567.286    73.1755    325.488    20.7801    445.029    54.3223    270.005    31.5854
290.193    37.9852    258.576    28.2839    504.494    61.6889    642.163    110.398
347.903    21.7249    429.022    37.9192    510.887    38.4521    462.088    50.4056
421.499    199.467    283.799    21.0218    416.585    159.756    361.27    22.3676
250.168    143.715    344.287    20.8954    472.144    102.592    112.634    167.837
524.239    21.5271    263.932    54.6739    498.344    26.9875    288.972    25.2626
339.084    35.5187    275.178    22.2193    640.591    56.5142    419.668    187.832
250.168    143.715    344.287    20.8954    472.144    102.592    49.631    167.837
436.407    124.972    296.861    27.8994    366.718    147.017    701.964    40.8087
321.917    40.3253    357.257    23.0488    398.946    115.046    436.575    32.5358
694.899    21.9556    322.344    26.7513    367.74    192.892    472.159    81.2836
571.039    39.9243    283.158    48.1698    506.874    45.3847    462.455    33.9146
282.96    152.367    282.853    21.9941    280.931    133.289    428.747    195.567
250.168    143.715    344.287    20.8954    158.893    102.592    261.856    167.837
298.708    28.8553    394.81    21.0218    571.436    93.6821    555.063    45.6099
250.168    143.715    344.287    20.8954    472.144    374.439    261.856    167.837
250.168    143.715    344.287    20.8954    52.9765    102.592    261.856    167.837
378.315    23.4169    253.25    97.044    381.077    66.111    336.459    82.646
451.453    85.7552    261.093    100.714    280.091    40.6714    527.291    30.3769
250.168    143.715    344.287    20.8954    41.1328    102.592    261.856    167.837
121.544    143.715    344.287    20.8954    472.144    102.592    261.856    167.837
250.168    143.715    197.297    20.8954    472.144    102.592    261.856    167.837
250.168    475.867    344.287    20.8954    472.144    102.592    261.856    167.837
303.926    28.8882    298.601    69.1433    514.275    45.5165    689.421    36.4635
321.566    120.11    420.232    21.5656    325.961    134.41    413.366    34.1948
309.618    98.7634    380.558    20.0879    392.537    59.0246    637.539    79.4873
250.168    143.715    344.287    20.8954    472.144    291.322    261.856    167.837
313.143    122.967    392.628    23.2026    269.44    81.5748    452.551    112.173
250.168    143.715    344.287    20.8954    40.6659    102.592    261.856    167.837
473.319    76.1748    253.708    56.1406    451.605    65.5013    389.698    46.1702
250.168    143.715    344.287    20.8954    472.144    102.592    153.439    167.837
440.237    59.4586    286.5    20.7141    424.993    157.443    582.972    31.3602
250.168    314.745    344.287    20.8954    472.144    102.592    261.856    167.837
260.727    48.4664    287.553    47.4996    436.926    95.4454    289.918    36.1779
649.579    49.1806    362.461    22.4006    413.381    170.792    423.788    50.2353
260.331    67.4349    251.251    112.469    361.438    82.7833    293.916    75.5266
250.168    143.715    344.287    20.8954    472.144    313.341    261.856    167.837
250.168    143.715    344.287    20.8954    472.144    102.592    47.5436    167.837
250.168    281.48    344.287    20.8954    472.144    102.592    261.856    167.837
289.018    101.62    321.169    26.147    315.294    198.083    466.987    122.566
318.529    113.969    364.383    35.5132    437.704    58.4094    278.748    196.907
285.905    113.584    482.322    27.1853    382.908    38.2049    357.379    133.531
315.813    116.216    277.009    35.1836    365.192    196.671    582.957    68.2754
271.912    197.61    333.041    26.191    325.732    54.7069    393.467    154.345
322.909    137.947    483.558    24.0761    576.456    28.4652    261.765    27.5643
437.292    41.5833    321.398    26.1086    333.254    197.231    482.597    85.096
250.168    143.715    344.287    20.8954    472.144    314.241    261.856    167.837
250.168    143.715    344.287    20.8954    472.144    358.448    261.856    167.837
324.313    91.8363    255.295    50.0211    658.277    53.8829    465.14    34.81
250.168    143.715    344.287    20.8954    472.144    102.592    261.856    493.751
250.168    143.715    344.287    20.8954    472.144    102.592    116.238    167.837
486.366    154.29    297.334    25.9713    375.874    71.9175    250.641    54.2729
697.996    57.4206    289.628    48.3291    298.616    136.255    311.51    82.2669
295.305    150.956    265.992    23.5542    309.709    115.661    308.779    112.178
250.168    143.715    344.287    20.8954    472.144    268.891    261.856    167.837
378.178    50.6143    284.623    54.3333    417.943    38.8696    607.433    33.7004
426.016    47.7578    282.426    91.3254    619.9    22.2028    475.898    30.8658
406.667    93.5008    287.461    44.7969    272.858    100.225    276.49    169.567
364.734    26.993    276.994    40.0122    649.67    40.8032    427.45    24.8396
688.276    27.3501    290.925    78.9764    393.574    29.1244    473.991    44.6046
250.168    143.715    28.8662    20.8954    472.144    102.592    261.856    167.837
404.378    71.511    253.159    34.6178    255.417    148.511    467.948    155.9
677.9    35.6285    412.038    30.5033    332.385    56.1791    333.422    45.132
436.27    22.5599    344.134    53.372    673.582    27.2567    403.722    20.6207
250.168    143.715    344.287    20.8954    116.315    102.592    261.856    167.837
298.311    172.995    396.611    28.9816    347.171    56.8273    270.875    129.735
250.168    143.715    344.287    20.8954    472.144    102.592    51.1966    167.837
43.451    143.715    344.287    20.8954    472.144    102.592    261.856    167.837
293.657    184.069    313.356    44.1102    296.174    143.402    729.614    26.7403
250.168    143.715    344.287    20.8954    185.421    102.592    261.856    167.837
250.168    491.386    344.287    20.8954    472.144    102.592    261.856    167.837
382.267    166.035    297.304    43.1544    392.155    79.7455    319.475    150.456
250.168    143.715    344.287    20.8954    158.784    102.592    261.856    167.837
250.168    143.715    344.287    20.8954    472.144    102.592    261.856    339.282
281.846    49.4443    342.471    29.5639    272.477    106.525    400.426    186.129
250.168    143.715    344.287    20.8954    472.144    102.592    62.0734    167.837
250.168    446.036    344.287    20.8954    472.144    102.592    261.856    167.837
291.795    102.982    258.011    51.5976    349.384    138.568    255.585    162.739
250.168    143.715    23.719    20.8954    472.144    102.592    261.856    167.837
300.722    164.074    327.334    25.8998    345.141    70.9671    309.725    157.954
638.272    78.3172    255.676    71.478    344.562    21.637    271.516    118.1
419.866    58.4313    250.183    47.2524    436.85    116.573    378.803    189.326
250.168    143.715    344.287    20.8954    472.144    315.798    261.856    167.837
669.019    21.615    250.229    38.6059    298.143    177.999    255.127    149.818
394.093    100.823    407.521    21.6041    285.752    189.623    281.114    57.2832
294.038    92.7702    263.535    29.5969    489.067    63.0348    318.255    165.98
159.234    143.715    344.287    20.8954    472.144    102.592    261.856    167.837
276.063    152.148    263.321    90.8695    377.995    23.8673    272.523    145.264
735.687    39.8254    265.687    51.3724    489.738    35.3374    264.679    170.468
250.168    143.715    344.287    20.8954    189.321    102.592    261.856    167.837
250.168    143.715    102.109    20.8954    472.144    102.592    261.856    167.837
250.168    143.715    344.287    20.8954    169.748    102.592    261.856    167.837
339.74    147.819    278.169    34.5024    331.072    158.833    320.07    109.151
250.168    143.715    344.287    20.8954    472.144    102.592    261.856    509.377
250.168    143.715    36.2163    20.8954    472.144    102.592    261.856    167.837
250.168    143.715    344.287    20.8954    125.219    102.592    261.856    167.837
250.168    143.715    109.162    20.8954    472.144    102.592    261.856    167.837
270.524    115.595    343.448    23.3125    323.84    22.1754    300.798    127.697
250.168    143.715    146.001    20.8954    472.144    102.592    261.856    167.837
324.618    162.514    254.013    77.7075    274.873    27.5369    644.269    20.7416
606.761    32.0579    303.697    52.3777    319.246    58.0908    444.693    99.1589
250.168    143.715    344.287    20.8954    472.144    102.592    261.856    421.056
250.168    143.715    344.287    20.8954    49.5651    102.592    261.856    167.837
411.199    54.6355    416.478    21.3239    256.317    181.987    284.318    91.8528
250.168    143.715    344.287    20.8954    472.144    261.719    261.856    167.837
335.177    79.8224    295.625    32.7116    590.449    104.965    251.617    103.35
386.845    29.1958    302.202    78.526    488.182    54.5091    552.835    23.1202
199.665    143.715    344.287    20.8954    472.144    102.592    261.856    167.837
250.168    143.715    344.287    20.8954    472.144    102.592    180.735    167.837
423.437    122.121    320.376    29.5035    449.057    153.526    264.71    89.8477
250.168    143.715    151.335    20.8954    472.144    102.592    261.856    167.837
250.168    297.823    344.287    20.8954    472.144    102.592    261.856    167.837
588.313    82.602    297.639    40.9076    626.247    26.7733    258.606    189.002
250.168    143.715    194.254    20.8954    472.144    102.592    261.856    167.837
142.265    143.715    344.287    20.8954    472.144    102.592    261.856    167.837
669.431    20.5713    281.053    40.0507    429.037    35.1341    598.796    43.2807
250.168    519.524    344.287    20.8954    472.144    102.592    261.856    167.837
250.168    143.715    344.287    20.8954    472.144    102.592    156.372    167.837
250.168    143.715    344.287    20.8954    472.144    102.592    261.856    521.874
250.168    143.715    344.287    20.8954    58.5797    102.592    261.856    167.837
492.317    150.247    291.246    31.915    557.886    53.3775    480.14    24.1365
250.168    267.411    344.287    20.8954    472.144    102.592    261.856    167.837
158.322    143.715    344.287    20.8954    472.144    102.592    261.856    167.837
546.487    26.9106    334.368    51.68    409.703    23.4443    495.308    83.3656
358.341    53.4764    355.808    24.3233    437.674    91.243    392.506    23.8728
296.48    148.17    354.175    27.1249    497.291    82.2175    300.172    90.2707
250.168    143.715    344.287    20.8954    472.144    357.776    261.856    167.837
262.238    169.144    259.644    54.9596    274.979    59.6948    310.579    87.513
253.54    93.8578    478.126    21.4722    365.207    160.602    316.561    167.1
458.045    35.4582    286.699    43.4675    418.477    179.213    342.761    92.6988
265.458    25.6801    266.938    61.579    420.171    186.146    293.733    92.0341
322.39    197.517    277.924    64.1609    396.199    67.5118    488.716    26.0097
266.282    175.022    250.32    43.3357    277.497    94.5335    584.422    39.3255
317.583    49.8453    267.685    62.7546    333.193    95.2916    266.007    29.6463
500.969    100.021    371.83    30.0198    376.926    119.281    328.875    27.9159
250.168    143.715    344.287    20.8954    472.144    356.769    261.856    167.837
262.131    69.9783    392.491    27.2457    292.192    198.693    415.273    27.7511
327.059    128.905    257.309    45.7637    381.153    45.5605    496.574    147.808
250.168    143.715    344.287    20.8954    472.144    102.592    261.856    288.575
250.168    143.715    344.287    20.8954    472.144    283.952    261.856    167.837
357.837    82.6569    283.464    60.2332    450.873    81.1133    450.156    57.7007
311.693    115.567    297.044    40.7868    302.797    20.7196    516.518    146.154
335.894    49.697    282.884    42.8138    638.913    46.4779    679.456    29.3606
507.897    114.002    368.793    20.7196    316.622    132.861    481.468    66.2099
525.658    39.4848    403.951    23.6641    298.967    126.774    418.31    126.06
316.332    20.3351    424.581    36.3701    668.226    41.6053    271.073    38.6663
252.915    194.161    277.528    29.2727    563.44    65.8913    452.109    71.7307
250.168    143.715    126.681    20.8954    472.144    102.592    261.856    167.837
372.028    20.9339    250.565    51.3779    310.533    108.827    503.319    84.0083
250.168    143.715    185.893    20.8954    472.144    102.592    261.856    167.837
660.413    84.294    255.142    29.6738    612.041    36.9304    262.36    103.702
250.168    445.09    344.287    20.8954    472.144    102.592    261.856    167.837
250.168    478.172    344.287    20.8954    472.144    102.592    261.856    167.837
678.617    29.6298    285.463    42.7973    546.365    37.4358    385.411    98.1976
364.841    42.6215    362.568    49.5871    540.689    44.0278    269.379    179.197
250.168    381.245    344.287    20.8954    472.144    102.592    261.856    167.837
156.355    143.715    344.287    20.8954    472.144    102.592    261.856    167.837
250.168    143.715    344.287    20.8954    472.144    102.592    114.87    167.837
401.555    24.7572    310.747    25.6032    274.964    142.562    448.935    143.397
254.608    22.917    364.124    27.6907    700.728    81.6352    352.374    70.22
497.261    128.719    289.399    41.2372    251.968    29.6573    275.407    143.886
250.168    143.715    344.287    20.8954    472.144    102.592    261.856    332.415
569.407    44.2586    303.362    26.1141    468.238    141.282    323.061    163.535
386.753    85.7332    346.088    57.2668    579.402    37.2436    284.944    37.1172
252.67    109.591    273.24    53.4159    253.342    60.5243    442.404    93.1107
250.168    291.993    344.287    20.8954    472.144    102.592    261.856    167.837
658.322    89.8752    252.686    35.2824    338.733    93.6821    456.046    20.8679
398.915    64.2708    330.493    39.1388    316.698    188.98    346.484    93.1822
413.884    53.3445    259.445    28.5916    290.376    108.404    319.414    74.406
250.168    438.589    344.287    20.8954    472.144    102.592    261.856    167.837
250.168    282.914    344.287    20.8954    472.144    102.592    261.856    167.837
250.168    334.246    344.287    20.8954    472.144    102.592    261.856    167.837
327.67    61.0407    256.256    78.7402    255.966    142.776    309.679    188.849
250.168    143.715    344.287    20.8954    472.144    102.592    37.6336    167.837
378.285    116.177    399.449    22.9389    306.719    63.5072    284.349    142.842
250.168    143.715    344.287    20.8954    155.586    102.592    261.856    167.837
160.217    143.715    344.287    20.8954    472.144    102.592    261.856    167.837
250.168    143.715    109.975    20.8954    472.144    102.592    261.856    167.837
187.481    143.715    344.287    20.8954    472.144    102.592    261.856    167.837
59.151    143.715    344.287    20.8954    472.144    102.592    261.856    167.837
348.758    86.4034    317.476    47.4337    402.806    134.701    270.371    146.055
463.813    65.0563    432.638    32.6072    684.706    33.5301    271.912    35.0682
469.398    95.5828    293.382    70.5716    298.753    35.4747    263.382    156.372
250.168    143.715    344.287    20.8954    472.144    102.592    169.715    167.837
304.292    135.305    254.822    21.2525    506.325    126.774    377.888    183.74
250.168    143.715    344.287    20.8954    472.144    102.592    27.817    167.837
250.168    143.715    344.287    20.8954    156.449    102.592    261.856    167.837
250.168    143.715    344.287    20.8954    472.144    102.592    146.286    167.837
465.308    38.2653    343.463    34.9254    622.6    65.3694    353.336    63.3644
726.165    23.9167    253.418    49.8672    610.347    28.2839    562.265    89.4797
517.19    41.792    432.76    24.7572    449.362    86.3759    299.791    89.5785
250.168    143.715    344.287    20.8954    472.144    102.592    171.599    167.837
250.168    518.532    344.287    20.8954    472.144    102.592    261.856    167.837
250.168    143.715    344.287    20.8954    472.144    102.592    261.856    266.495
250.168    520.379    344.287    20.8954    472.144    102.592    261.856    167.837
250.168    143.715    344.287    20.8954    472.144    102.592    261.856    438.726
250.168    143.715    344.287    20.8954    472.144    102.592    44.7584    167.837
264.878    116.095    266.236    30.9977    391.652    119.803    275.376    182.603
250.168    143.715    344.287    20.8954    472.144    353.488    261.856    167.837
399.754    138.387    406.087    22.851    332.278    105.575    516.778    29.7397
250.168    143.715    344.287    20.8954    472.144    323.351    261.856    167.837
369.404    82.2834    285.92    28.7564    510.903    90.4904    410.817    126.323
278.062    118.215    270.264    50.2408    357.547    179.081    483.009    93.281
704.909    62.7436    253.342    66.3417    327.425    60.2551    449.377    53.6247
250.168    143.715    344.287    20.8954    151.483    102.592    261.856    167.837
510.125    25.4439    368.503    23.9882    302.858    23.9167    304.476    174.967
250.168    254.868    344.287    20.8954    472.144    102.592    261.856    167.837
250.168    143.715    344.287    20.8954    63.6006    102.592    261.856    167.837
250.168    143.715    101.713    20.8954    472.144    102.592    261.856    167.837
377.369    65.6825    315.737    28.7619    558.893    96.3518    264.939    62.7546
572.016    54.5036    251.755    64.6498    433.538    52.7952    319.048    196.616
258.057    177.851    299.959    51.757    512.185    56.2725    361.667    99.5654
325.839    85.1125    362.43    24.2573    354.373    27.6247    333.483    147.05
279.511    38.974    295.015    35.3813    635.128    35.8153    526.437    31.5635
282.579    22.7906    297.105    60.5573    596.66    39.5727    711.852    34.4145
411.29    183.372    441.58    24.0266    258.362    116.672    306.49    74.6971
372.379    38.6773    387.73    32.2941    352.939    176.236    570.093    33.3158
275.575    77.2131    283.815    65.3694    564.585    20.7855    476.798    54.8222
393.391    39.9683    274.628    60.2387    617.458    33.986    519.677    66.3967
345.218    118.929    387.349    40.8911    389.21    29.4211    348.3    103.444
572.489    81.2342    342.303    40.3253    344.79    51.5372    270.6    178.197
250.168    143.715    344.287    20.8954    472.144    102.592    261.856    250.595
498.558    25.8065    265    69.5389    731.124    51.9382    587.382    27.0919
378.086    177.236    261.521    45.4946    347.232    83.1788    256.47    101.191
250.168    143.715    344.287    20.8954    472.144    102.592    261.856    254.41
431.997    157.833    291.154    64.2927    326.647    35.5956    297.823    84.5137
250.168    143.715    344.287    20.8954    472.144    375.065    261.856    167.837
172.215    143.715    344.287    20.8954    472.144    102.592    261.856    167.837
570.063    44.6431    395.375    20.5988    283.143    165.87    437.033    105.119
250.168    143.715    25.9767    20.8954    472.144    102.592    261.856    167.837
250.168    143.715    344.287    20.8954    472.144    102.592    261.856    470.954
401.952    59.1675    265.717    23.7574    330.798    154.51    687.727    77.702
430.41    114.864    256.211    26.3063    261.032    199.923    357.913    70.0113
250.168    398.808    344.287    20.8954    472.144    102.592    261.856    167.837
250.168    143.715    344.287    20.8954    472.144    336.352    261.856    167.837
250.168    143.715    344.287    20.8954    472.144    102.592    261.856    454.398
250.168    143.715    344.287    20.8954    472.144    102.592    261.856    504.921
250.168    143.715    344.287    20.8954    61.2165    102.592    261.856    167.837
301.943    87.579    307.97    24.8341    457.358    60.5847    434.149    172.94
689.161    34.2332    310.335    56.5856    725.28    22.06    364.093    51.9657
486.534    100.977    264.42    37.0403    280.549    148.072    297.38    156.899
504.616    23.4938    320.208    47.7139    593.135    43.2862    365.604    170.929
289.949    106.839    434.225    24.9495    430.761    34.9364    293.657    174.209
95.0829    143.715    344.287    20.8954    472.144    102.592    261.856    167.837
250.168    143.715    344.287    20.8954    75.1585    102.592    261.856    167.837
250.168    143.715    344.287    20.8954    472.144    301.164    261.856    167.837
250.168    143.715    344.287    20.8954    49.2025    102.592    261.856    167.837
345.676    60.6671    298.097    48.7301    388.691    192.304    359.775    84.9147
250.168    143.715    344.287    20.8954    472.144    102.592    261.856    375.66
250.168    143.715    344.287    20.8954    472.144    316.927    261.856    167.837
250.168    143.715    344.287    20.8954    64.7761    102.592    261.856    167.837
438.879    103.713    304.552    38.6828    354.724    76.8285    311.296    189.958
33.997    143.715    344.287    20.8954    472.144    102.592    261.856    167.837
68.6215    143.715    344.287    20.8954    472.144    102.592    261.856    167.837
326.907    101.73    313.448    55.2068    541.482    60.1947    575.159    37.6061
302.126    105.322    251.526    63.6775    257.935    182.993    395.512    132.635
256.333    20.4559    283.906    66.4241    526.605    89.0347    398    44.2421
528.863    28.5202    302.767    47.159    706.191    59.2883    329.211    82.2944
99.8456    143.715    344.287    20.8954    472.144    102.592    261.856    167.837
484.855    71.6483    298.357    25.4769    268.555    186.602    512.246    85.6783
250.168    143.715    344.287    20.8954    67.7425    102.592    261.856    167.837
250.168    143.715    84.8323    20.8954    472.144    102.592    261.856    167.837
359.302    157.07    346.896    22.8565    311.525    60.3101    354.831    184.421
743.271    38.9355    259.4    26.0866    324.694    124.577    365.39    156.987
147.039    143.715    344.287    20.8954    472.144    102.592    261.856    167.837
250.168    143.715    344.287    20.8954    472.144    344.546    261.856    167.837
507.82    58.8708    314.257    28.3663    441.778    103.823    565.882    74.7795
250.168    143.715    344.287    20.8954    472.144    102.592    194.199    167.837
302.355    100.428    261.994    77.6965    287.507    128.455    314.592    147.533
250.168    143.715    168.661    20.8954    472.144    102.592    261.856    167.837
466.285    118.419    337.725    23.6531    286.561    108.827    389.622    124.445
402.73    36.7162    269.227    20.1263    529.534    143.666    264.954    142.523
649.38    42.4128    255.646    47.1975    475.242    29.2892    408.406    28.5366
453.864    40.2374    269.73    24.3178    495.476    161.915    499.031    25.1747
250.168    143.715    344.287    20.8954    472.144    102.592    261.856    501.274
250.168    143.715    344.287    20.8954    472.144    333.178    261.856    167.837
250.168    143.715    344.287    20.8954    472.144    102.592    261.856    347.247
250.168    518.853    344.287    20.8954    472.144    102.592    261.856    167.837
348.132    164.848    295.9    53.6302    306.673    43.2533    467.658    76.3231
451.117    66.5944    259.735    28.6245    374.119    104.63    647.351    82.1625
648.968    23.8179    313.036    31.1405    334.902    191.095    360.767    146.599
145.55    143.715    344.287    20.8954    472.144    102.592    261.856    167.837
499.87    138.085    254.517    21.7194    292.589    194.259    251.022    137.195
297.639    29.9924    294.801    72.758    454.81    21.1261    425.787    24.3837
493.08    33.9256    264.786    61.0901    323.397    63.8148    645.825    39.4519
394.505    143.99    266.923    27.2787    700.514    37.8478    450.98    127.856
117.545    143.715    344.287    20.8954    472.144    102.592    261.856    167.837
250.168    143.715    344.287    20.8954    472.144    333.834    261.856    167.837
250.168    143.715    344.287    20.8954    472.144    102.592    261.856    504.936
373.905    175.231    316.027    43.852    289.003    81.5693    391.865    73.4886
546.075    24.2738    265.336    32.7995    252.655    130.927    726.44    71.2912
702.452    57.2503    323.885    22.6478    327.029    135.157    509.239    46.9723
472.175    38.1719    255.036    81.3385    360.553    22.1259    271.256    149.368
250.168    143.715    344.287    20.8954    102.153    102.592    261.856    167.837
462.958    113.711    342.441    21.1811    250.519    192.589    343.89    93.9183
250.168    143.715    344.287    20.8954    156.24    102.592    261.856    167.837
250.168    143.715    344.287    20.8954    142.452    102.592    261.856    167.837
250.168    143.715    344.287    20.8954    472.144    364.841    261.856    167.837
250.168    143.715    344.287    20.8954    472.144    102.592    261.856    445.7
250.168    143.715    344.287    20.8954    100.873    102.592    261.856    167.837
375.584    101.757    266.846    64.4191    378.178    29.4101    464.026    50.7791
250.168    284.974    344.287    20.8954    472.144    102.592    261.856    167.837
250.168    143.715    344.287    20.8954    472.144    314.547    261.856    167.837
466.681    38.3312    271.256    86.1397    284.913    73.2139    282.685    117.331
303.362    78.8556    256.745    111.524    546.289    32.2776    308.351    66.8361
26.0482    143.715    344.287    20.8954    472.144    102.592    261.856    167.837
250.168    143.715    344.287    20.8954    175.412    102.592    261.856    167.837
91.3034    143.715    344.287    20.8954    472.144    102.592    261.856    167.837
499.153    32.371    271.744    68.9291    374.744    40.7263    258.454    158.762
382.038    161.668    302.492    46.2966    499.428    70.4398    286.821    93.8304
454.23    36.2877    273.362    45.6209    565.119    21.2799    265.061    51.2241
385.578    146.742    352.191    35.266    425.237    82.8108    281.495    147.061
147.643    143.715    344.287    20.8954    472.144    102.592    261.856    167.837
442.923    148.885    300.02    38.9959    281.526    43.7037    384.327    105.449
250.168    143.715    190.991    20.8954    472.144    102.592    261.856    167.837
280.274    141.386    270.463    68.3193    256.226    118.682    320.437    160.399
322.665    84.8653    397.877    27.004    647.519    49.3728    324.358    65.5947
250.168    143.715    344.287    20.8954    472.144    377.979    261.856    167.837
250.168    143.715    344.287    20.8954    472.144    102.592    41.3306    167.837
250.168    143.715    344.287    20.8954    40.9571    102.592    261.856    167.837
250.168    143.715    344.287    20.8954    472.144    102.592    261.856    373.463
250.168    451.575    344.287    20.8954    472.144    102.592    261.856    167.837
487.983    182.3    266.984    21.4118    393.712    97.6592    287.233    136.316
499.229    68.5116    376.53    26.2239    430.242    43.4675    361.82    56.4483
250.168    143.715    344.287    20.8954    472.144    102.592    176.807    167.837
593.623    69.2257    346.24    23.3619    513.771    21.4118    279.511    135.695
250.168    143.715    344.287    20.8954    472.144    102.592    261.856    396.596
250.168    143.715    344.287    20.8954    472.144    102.592    24.2299    167.837
32.36    143.715    344.287    20.8954    472.144    102.592    261.856    167.837
267.67    156.905    250.29    66.1824    323.214    94.1929    342.013    170.677
250.168    143.715    182.268    20.8954    472.144    102.592    261.856    167.837
266.129    160.657    255.722    46.3735    355.625    176.467    272.584    41.6272
253.784    181.751    254.532    36.469    349.704    27.6907    402.577    129.136
371.677    199.165    422.094    20.2252    296.663    127.587    691.404    25.1747
542.184    20.3461    280.427    58.1732    349.704    64.6113    346.866    50.6034
250.168    143.715    344.287    20.8954    472.144    102.592    70.4892    167.837
250.168    418.004    344.287    20.8954    472.144    102.592    261.856    167.837
368.336    56.1241    362.354    25.334    324.923    125.648    536.34    116.677
704.283    24.565    254.669    81.4814    331.149    193.271    276.78    37.4798
456.397    76.3726    275.178    52.9765    599.681    65.8858    331.759    67.4239
385.06    154.274    384.648    21.9227    546.106    72.9557    283.799    155.998
250.168    143.715    344.287    20.8954    472.144    102.592    261.856    345.752
250.168    143.715    47.2854    20.8954    472.144    102.592    261.856    167.837
250.168    143.715    344.287    20.8954    472.144    102.592    153.823    167.837
250.168    143.715    344.287    20.8954    472.144    275.834    261.856    167.837
250.168    143.715    344.287    20.8954    472.144    102.592    261.856    336.016
250.168    143.715    344.287    20.8954    472.144    102.592    261.856    349.811
250.168    143.715    344.287    20.8954    472.144    283.052    261.856    167.837
250.168    143.715    344.287    20.8954    472.144    102.592    192.71    167.837
250.168    143.715    344.287    20.8954    472.144    303.591    261.856    167.837
334.231    134.349    281.404    60.7221    398.762    33.9476    338.168    169.951
481.91    36.8755    284.272    23.5267    625.637    43.3576    428.61    143.111
250.168    391.133    344.287    20.8954    472.144    102.592    261.856    167.837
366.642    193.161    282.228    49.263    444.54    25.6032    501.427    59.0301
641.644    55.6297    349.704    32.1403    638.668    26.3448    324.816    104.213
250.168    143.715    344.287    20.8954    472.144    102.592    261.856    433.935
250.168    354.129    344.287    20.8954    472.144    102.592    261.856    167.837
250.168    502.251    344.287    20.8954    472.144    102.592    261.856    167.837
250.168    143.715    344.287    20.8954    472.144    102.592    123.099    167.837
250.168    143.715    344.287    20.8954    472.144    102.592    261.856    283.097
250.168    143.715    70.9781    20.8954    472.144    102.592    261.856    167.837
291.231    120.913    292.482    27.026    331.042    65.7869    472.373    142.221
529.778    52.6908    251.419    45.7143    290.91    165.672    259.796    44.4124
497.826    39.1223    268.067    20.2472    646.542    29.877    531.976    56.8218
250.168    143.715    344.287    20.8954    177.175    102.592    261.856    167.837
674.802    34.5024    257.675    23.3894    476.295    58.4753    473.06    117.254
706.786    29.3606    365.223    39.9847    509.865    31.1954    553.43    59.6179
412.496    117.183    346.515    25.0978    558.771    24.12    398.167    184.251
250.168    143.715    344.287    20.8954    472.144    102.592    45.6923    167.837
250.168    143.715    344.287    20.8954    472.144    102.592    193.836    167.837
93.1767    143.715    344.287    20.8954    472.144    102.592    261.856    167.837
250.168    143.715    344.287    20.8954    472.144    102.592    73.7852    167.837
445.776    25.9932    465.537    27.9489    284.288    47.9885    321.871    82.1131
259.629    125.758    358.737    43.9839    403.325    60.4804    290.071    127.367
650.754    26.5426    366.962    28.8827    329.318    149.846    413.152    124.274
304.43    39.5618    271.928    27.6522    303.148    77.224    334.643    33.5466
299.791    165.485    287.187    34.2772    476.279    73.95    427.038    132.679
328.097    73.3348    270.096    90.8475    371.662    36.881    384.159    108.585
411.336    126.598    331.24    28.7069    617.794    77.4108    350.757    52.5205
250.168    143.715    140.584    20.8954    472.144    102.592    261.856    167.837
650.51    45.4506    267.243    36.4031    397.694    92.2428    314.531    87.1725
415.914    31.5964    314.119    69.451    251.297    68.3358    453.62    31.4316
701.46    22.7302    291.581    48.5653    389.241    89.8038    308.092    123.884
250.168    143.715    344.287    20.8954    472.144    102.592    261.856    275.056
581.69    36.6338    271.714    57.0086    279.008    190.354    355.838    119.374
291.719    187.942    400.41    21.1042    726.104    51.1802    270.417    187.459
250.168    460.044    344.287    20.8954    472.144    102.592    261.856    167.837
250.168    143.715    344.287    20.8954    472.144    102.592    189.788    167.837
250.168    143.715    344.287    20.8954    67.5173    102.592    261.856    167.837
250.168    143.715    344.287    20.8954    472.144    102.592    149.099    167.837
250.168    393.971    344.287    20.8954    472.144    102.592    261.856    167.837
250.168    143.715    344.287    20.8954    109.816    102.592    261.856    167.837
250.168    143.715    344.287    20.8954    472.144    102.592    261.856    518.7
250.168    143.715    344.287    20.8954    472.144    102.592    261.856    314.776
366.993    183.086    393.956    24.6309    283.54    55.2837    262.421    43.4291
250.168    143.715    344.287    20.8954    472.144    102.592    21.4228    167.837
299.089    36.3811    377.781    48.7136    361.957    27.3556    314.501    70.4288
282.792    141.117    323.595    34.2882    316.546    30.9867    371.265    106.311
380.161    152.417    291.749    46.5108    588.511    27.839    429.22    69.7147
372.99    28.7619    259.766    76.4769    603.664    21.8567    388.661    42.9182
413.823    54.4871    277.1    34.5244    288.011    161.64    420.309    183.229
250.168    143.715    344.287    20.8954    44.4234    102.592    261.856    167.837
370.197    120.264    319.399    22.6093    325.198    50.1914    342.654    140.502
250.168    143.715    344.287    20.8954    472.144    366.642    261.856    167.837
167.205    143.715    344.287    20.8954    472.144    102.592    261.856    167.837
537.652    34.1618    271.073    52.0042    538.247    35.689    401.631    41.5613
250.168    143.715    45.0551    20.8954    472.144    102.592    261.856    167.837
250.168    143.715    344.287    20.8954    472.144    378.803    261.856    167.837
465.262    87.9141    381.138    44.5277    405.995    44.5442    317.37    61.1945
383.717    29.1958    360.111    39.5892    493.995    48.5543    365.04    142.232
250.168    143.715    344.287    20.8954    93.5777    102.592    261.856    167.837
250.168    143.715    344.287    20.8954    472.144    102.592    261.856    409.368
283.006    186.953    263.291    38.9575    416.799    98.0822    387.761    176.104
364.719    62.6118    302.858    42.1546    323.382    169.512    314.577    145.627
250.168    143.715    344.287    20.8954    472.144    344.15    261.856    167.837
250.168    351.077    344.287    20.8954    472.144    102.592    261.856    167.837
250.168    143.715    344.287    20.8954    186.464    102.592    261.856    167.837
250.168    143.715    186.739    20.8954    472.144    102.592    261.856    167.837
167.106    143.715    344.287    20.8954    472.144    102.592    261.856    167.837
482.917    20.6757    278.489    81.2726    701.292    23.3509    606.182    44.297
250.168    143.715    122.33    20.8954    472.144    102.592    261.856    167.837
250.168    143.715    125.505    20.8954    472.144    102.592    261.856    167.837
250.168    143.715    64.3587    20.8954    472.144    102.592    261.856    167.837
250.168    143.715    344.287    20.8954    472.144    304.781    261.856    167.837
250.168    143.715    344.287    20.8954    107.322    102.592    261.856    167.837
383.091    53.4709    289.079    50.2847    423.33    175.994    252.884    140.71
407.857    30.5033    290.147    92.3966    264.435    54.8662    258.835    135.453
548.517    30.1791    256.287    72.8019    360.294    136.382    615.017    23.1312
437.689    169.776    267.029    23.296    307.222    85.4146    277.238    116.864
250.168    285.325    344.287    20.8954    472.144    102.592    261.856    167.837
250.168    143.715    344.287    20.8954    472.144    102.592    199.324    167.837
250.168    143.715    344.287    20.8954    39.4244    102.592    261.856    167.837
452.307    173.918    325.411    22.7577    686.766    38.8037    493.828    28.1356
198.682    143.715    344.287    20.8954    472.144    102.592    261.856    167.837
250.168    143.715    344.287    20.8954    48.796    102.592    261.856    167.837
250.168    143.715    87.7767    20.8954    472.144    102.592    261.856    167.837
250.168    143.715    140.172    20.8954    472.144    102.592    261.856    167.837
659.238    58.9642    365.436    22.5159    489.067    64.2103    287.523    133.674
250.168    143.715    187.266    20.8954    472.144    102.592    261.856    167.837
391.667    132.449    288.865    24.098    286.546    80.2509    370.64    110.948
285.875    136.695    334.994    33.7718    370.838    68.0557    312.563    168.831
385.456    37.4633    408.559    40.9735    363.178    107.311    326.067    38.7927
318.194    137.228    336.093    37.2271    358.188    197.012    269.425    137.349
250.168    143.715    344.287    20.8954    118.787    102.592    261.856    167.837
250.168    143.715    344.287    20.8954    472.144    102.592    261.856    366.565
250.168    143.715    344.287    20.8954    51.5043    102.592    261.856    167.837
76.3616    143.715    344.287    20.8954    472.144    102.592    261.856    167.837
388.401    170.457    359.287    30.7779    303.041    63.5017    322.939    185.289
533.09    34.4859    257.172    26.5151    386.845    183.229    368.381    193.798
364.078    22.9389    291.81    72.291    657.01    27.6742    546.976    31.5195
250.168    143.715    344.287    20.8954    472.144    102.592    261.856    302.705
250.168    143.715    344.287    20.8954    472.144    102.592    47.5875    167.837
343.112    51.5867    303.682    28.5311    444.357    114.656    633.511    56.7833
524.529    69.5883    303.072    28.6135    546.716    60.9583    293.443    190.952
171.638    143.715    344.287    20.8954    472.144    102.592    261.856    167.837
270.295    125.011    341.372    35.3978    406.743    64.8476    375.416    167.161
276.856    80.8496    398.35    28.5092    444.998    92.4406    343.921    94.3193
505.089    21.7084    293.825    53.6137    321.871    144.951    300.386    181.509
250.168    143.715    344.287    20.8954    472.144    265.824    261.856    167.837
748.55    34.1234    260.163    34.799    371.876    195.754    302.065    55.031
250.168    312.09    344.287    20.8954    472.144    102.592    261.856    167.837
305.971    81.6681    442.16    22.8565    495.247    90.0674    280.519    199.714
87.2109    143.715    344.287    20.8954    472.144    102.592    261.856    167.837
250.168    143.715    41.8635    20.8954    472.144    102.592    261.856    167.837
250.168    143.715    344.287    20.8954    472.144    102.592    93.2481    167.837
250.168    143.715    103.12    20.8954    472.144    102.592    261.856    167.837
250.168    143.715    344.287    20.8954    70.5332    102.592    261.856    167.837
338.626    66.9955    263.611    78.7512    323.855    102.081    345.172    186.195
250.168    143.715    344.287    20.8954    472.144    342.166    261.856    167.837
250.168    143.715    344.287    20.8954    472.144    332.369    261.856    167.837
250.168    143.715    344.287    20.8954    175.796    102.592    261.856    167.837
250.168    486.854    344.287    20.8954    472.144    102.592    261.856    167.837
250.168    441.137    344.287    20.8954    472.144    102.592    261.856    167.837
250.168    388.035    344.287    20.8954    472.144    102.592    261.856    167.837
250.168    143.715    344.287    20.8954    158.042    102.592    261.856    167.837
352.283    194.237    251.511    22.7631    398.289    80.119    250.87    115.447
250.168    143.715    344.287    20.8954    472.144    102.592    261.856    274.354
475.166    125.988    316.21    22.2138    419.271    41.0669    674.345    22.9939
250.168    143.715    344.287    20.8954    472.144    102.592    151.719    167.837
620.22    36.6778    260.498    45.7088    256.439    67.2591    555.994    115.024
352.405    99.7851    269.425    25.2571    390.339    133.624    274.171    142.6
568.903    39.743    338.321    48.8345    360.63    49.6915    550.226    35.4363
394.444    125.609    324.145    50.2078    530.404    44.0608    399.052    45.0111
250.168    143.715    344.287    20.8954    111.986    102.592    261.856    167.837
160.756    143.715    344.287    20.8954    472.144    102.592    261.856    167.837
299.577    25.6252    397.023    39.6881    599.422    24.1694    398.228    100.181
250.168    143.715    344.287    20.8954    52.3392    102.592    261.856    167.837
250.168    143.715    184.591    20.8954    472.144    102.592    261.856    167.837
289.842    105.229    259.415    36.914    637.707    99.5764    272.187    177.659
151.131    143.715    344.287    20.8954    472.144    102.592    261.856    167.837
250.168    143.715    344.287    20.8954    472.144    331.317    261.856    167.837
327.303    71.3462    272.462    27.5698    342.441    35.3209    444.494    132.416
250.168    143.715    149.632    20.8954    472.144    102.592    261.856    167.837
250.168    143.715    344.287    20.8954    48.1973    102.592    261.856    167.837
250.168    143.715    344.287    20.8954    472.144    313.173    261.856    167.837
681.211    35.3044    256.348    64.1169    397.496    70.8847    338.076    140.524
175.439    143.715    344.287    20.8954    472.144    102.592    261.856    167.837
254.776    32.9862    354.099    47.7029    705.26    22.2468    529.244    46.4229
250.168    476.386    344.287    20.8954    472.144    102.592    261.856    167.837
250.168    143.715    344.287    20.8954    172.616    102.592    261.856    167.837
526.498    20.0439    305.818    35.0078    506.996    40.4132    489.494    127.625
130.844    143.715    344.287    20.8954    472.144    102.592    261.856    167.837
250.168    143.715    344.287    20.8954    472.144    102.592    91.9077    167.837
250.168    143.715    344.287    20.8954    133.761    102.592    261.856    167.837
262.482    78.6633    535.974    25.0868    328.234    58.7664    275.285    44.1816
250.656    132.679    375.324    22.2413    573.893    50.9714    326.342    120.231
359.577    88.6557    287.629    50.1749    566.996    52.1415    346.927    153.351
558.786    28.3938    408.376    20.9778    476.402    42.9511    284.135    151.269
296.953    38.0786    283.769    69.6927    351.489    146.369    311.251    144.825
376.148    127.548    351.291    23.0708    266.633    146.715    343.142    24.1585
250.168    143.715    344.287    20.8954    472.144    102.592    261.856    517.953
280.641    74.9498    291.566    66.3912    325.747    98.8952    330.889    84.261
250.168    143.715    344.287    20.8954    472.144    102.592    261.856    311.113
335.498    26.6524    335.009    30.2945    344.18    39.5288    261.261    125.247
254.227    151.17    350.436    23.9167    602.87    51.6526    253.876    69.7916
130.224    143.715    344.287    20.8954    472.144    102.592    261.856    167.837
298.296    77.5866    320.284    38.2598    287.431    53.817    690.794    66.4846
610.668    28.5366    279.511    49.6805    345.691    81.2397    385.304    73.5105
286.729    45.2089    266.465    100.038    640.988    22.4445    384.449    21.0273
725.402    43.1709    297.212    51.1582    568.873    38.7652    253.052    55.1958
440.329    197.808    287.263    25.5318    384.022    23.7794    361.118    165.48
250.168    143.715    133.652    20.8954    472.144    102.592    261.856    167.837
250.168    143.715    344.287    20.8954    472.144    102.592    261.856    272.355
250.168    143.715    344.287    20.8954    472.144    102.592    261.856    477.897
714.949    24.2299    298.799    69.2093    441.794    97.9888    310.579    22.461
250.168    143.715    344.287    20.8954    472.144    102.592    118.798    167.837
250.168    143.715    344.287    20.8954    472.144    102.592    146.753    167.837
250.168    143.715    155.125    20.8954    472.144    102.592    261.856    167.837
619.274    73.0601    266.694    47.3238    331.744    102.708    398.793    23.6256
438.665    108.728    367.405    31.3492    296.648    163.294    321.429    42.8852
425.13    28.5366    422.353    24.3452    272.416    125.933    450.079    55.9923
304.933    110.492    276.811    44.1157    571.085    61.8372    257.904    163.398
363.681    39.6716    327.593    61.1066    279.084    37.7105    354.053    97.2912
323.916    54.5585    284.059    41.1274    278.993    24.6638    441.61    153.021
630.169    98.2745    258.194    30.2835    291.932    34.6178    327.029    183.778
258.103    120.193    250.32    56.657    283.586    174.324    287.843    25.2297
437.124    61.1451    391.408    24.8067    294.359    187.069    299.303    164.909
286.18    45.1759    254.929    121.187    571.345    34.2662    410.146    39.743
478.355    176.999    264.893    37.7929    271.332    25.6691    476.035    66.8966
346.271    70.6265    269.105    39.3695    349.933    173.253    291.292    106.668
250.168    439.718    344.287    20.8954    472.144    102.592    261.856    167.837
250.168    395.619    344.287    20.8954    472.144    102.592    261.856    167.837
449.255    120.039    344.15    26.9051    449.911    75.5925    330.203    160.107
349.963    134.536    287.172    22.9279    360.34    162.64    374.485    183.954
250.168    143.715    344.287    20.8954    472.144    352.268    261.856    167.837
250.168    418.783    344.287    20.8954    472.144    102.592    261.856    167.837
651.502    56.3878    252.518    63.1227    372.715    129.004    441.076    38.8147
528.268    69.7201    255.432    96.0936    367.557    67.1548    260.666    77.1526
250.168    143.715    344.287    20.8954    472.144    102.592    38.5784    167.837
250.168    143.715    344.287    20.8954    472.144    380.329    261.856    167.837
326.617    69.5938    258.911    84.1182    368.397    89.2929    434.622    72.8678
315.294    184.893    259.4    90.4355    435.064    27.1303    359.775    90.3476
250.168    311.892    344.287    20.8954    472.144    102.592    261.856    167.837
653.394    39.743    412.725    24.5979    369.282    91.677    292.817    40.4187
250.168    143.715    344.287    20.8954    472.144    102.592    79.4598    167.837
564.722    56.3549    291.993    55.3441    252.335    154.521    342.273    76.2297
250.168    143.715    344.287    20.8954    472.144    102.592    171.643    167.837
453.482    32.5852    299.196    26.4986    306.261    191.106    455.908    103.691
250.168    143.715    344.287    20.8954    472.144    290.04    261.856    167.837
338.229    124.192    273.453    47.203    330.081    25.8394    332.034    148.692
501.976    69.5114    280.274    54.1136    634.365    25.5867    264.771    183.542
516.228    143.77    270.005    36.3756    397.694    39.353    250.58    138.398
