494.7139592504009 1019286.0
416.896670719102 1314229.0
621.2577431070167 1490101.0
476.30128212148617 1268644.0
425.34622462652544 90678.59999999999
638.5090208532616 2974476.0
633.6240765786531 1833065.0
605.8366996034233 2684806.0
625.8397224856699 1519641.0
464.7092591027628 4115247.0
640.5853309978929 1062887.0
616.9098753715024 2157871.0
582.2753167833645 3321457.0
559.102457793247 1271285.0
417.8020330171521 2039891.0
532.9790585797313 1686647.0
581.7809491687005 2511807.0
633.7537184043762 1892640.0
595.3228957404195 2495746.0
378.57943526952135 3426099.0
654.5343972275103 1851269.0
614.0260418520262 1637901.0
593.3715403434882 2197800.0
513.4792891575777 38379.10999999999
411.03001556108444 2457472.0
460.8956475694678 3454329.0
451.99630709283787 2669074.0
559.4045844278369 2118909.0
599.1220059483944 1044603.0
609.1581004814542 1935408.0
512.8521843972832 1444549.0
538.1837399744459 1531211.0
542.2372819106714 2109853.0
393.5094434653002 5374320.0
411.7977074872337 2800104.0
584.5687861671912 2262231.0
443.42967617499414 2061044.0
549.2304442790968 2098962.0
589.1412811824505 1541849.0
546.6497743627942 2024194.0
601.6254178431818 1944512.0
401.6721477896084 1454398.0
555.1342615766018 1442589.0
566.9098653009413 1397347.0
498.01322634958956 5389700.0
441.17313461596115 1083291.0
655.745813360227 1319217.0
550.0326406064191 1996643.0
646.4746611466339 1642152.0
615.9552098534489 1501759.0
593.6844424523553 1145508.0
494.44060016457416 1729862.0
596.8129096225119 1681054.0
570.0982558738784 2270171.0
620.3252007333289 2945124.0
472.4458122623037 999743.0
560.5684218480717 1293964.0
619.0696849873859 1579184.0
459.41261475142466 1606988.0
592.5733234893441 2092914.0
627.2732862155283 1300828.0
564.24796899692 2763585.0
258.2807113094851 2616797.0
576.186583864237 2004297.0
653.2870832867491 1812652.0
518.4459753296023 1427761.0
459.59912512078927 4385271.0
583.1491362781175 757175.0
536.2446489999335 1826574.0
514.139403542449 2808563.0
603.6520766035777 112278.70000000001
589.0046568987848 3925031.0
442.9190114000911 1957816.0
528.1706075993053 2130297.0
622.4339536841437 2202404.0
477.1030125889979 82653.74
469.96523117351205 1530845.0
493.82178337832545 317003.6
617.0449581586385 29723.11
606.0493438064575 2639526.0
559.298008618433 2478937.0
595.5385784921997 3191647.0
434.61930763991825 2069709.0
594.6080256761169 1370990.0
478.4197825098963 1384900.0
614.9126872252482 77246.2
596.8973907327721 1571328.0
356.9237832545174 2441806.0
616.7341340783478 165436.6
596.3112226779102 2347673.0
619.1863550664826 37997.81
613.0044703497967 1066600.0
617.0559347476825 2196358.0
520.699297374043 1552850.0
576.7696848906158 2550664.0
649.3358184963681 2044815.0
536.3067059466476 1711298.0
613.4107821138102 1385652.0
644.1191172430238 1301968.0
516.0048500136406 1774632.0
503.79393420835675 2525579.0
619.5829794078553 2337420.0
582.7137084541514 38993.84
643.7476072630063 1798983.0
607.2245228290318 1815203.0
554.459344056347 2381058.0
545.8906899953548 1478793.0
532.6844343109958 3043688.0
563.3463168175533 2618901.0
530.1431577868584 2693701.0
642.7630289387617 1250542.0
504.3561079761377 3136587.0
605.334929677702 1455473.0
438.22265253543503 1577458.0
535.3778769782577 1929805.0
433.95025080542484 2045545.0
647.7533226015414 1621939.0
593.1152614032553 1833636.0
526.8159471755876 1584076.0
475.99244204640166 2263852.0
627.1899867291689 1207736.0
653.8223085541917 1614805.0
642.7104987077785 2989389.0
535.3009359252407 1220665.0
571.0750275291058 2656437.0
341.2250869911834 3533107.0
555.4394852317843 1463348.0
564.3754566814192 1504504.0
602.8780684810617 35473.37
646.2988212137298 4225108.0
544.4711473145546 2139788.0
626.1041822669821 1944405.0
623.5344819771286 2883335.0
610.2813709101124 1623860.0
648.9059143534133 1188370.0
602.1083772568935 828211.0
635.5395598984502 1670336.0
629.9167391100833 1633665.0
609.5530072052516 1278543.0
539.8259108287752 1461090.0
630.1878731838029 3126183.0
446.64221038514347 1365829.0
644.9720125358878 1421492.0
481.89847550439504 2244775.0
433.9418581180304 1164515.0
647.6989371257839 2346087.0
476.0559682300318 1858432.0
639.9765059685832 30193.41
608.7066319012777 1050752.0
592.4096231506145 2225246.0
573.3364445235756 2483107.0
627.9926482738582 2188742.0
368.371690227593 5725690.0
346.0918450470282 1708931.0
445.08114888871376 2001851.0
652.0853562808417 2388365.0
320.86452882298977 150292.69999999998
519.8058293977937 1619069.0
594.1948367826052 1494646.0
624.704429525504 1535042.0
584.9242393887956 1940205.0
384.01175707256107 1384639.0
616.1013575394904 1989225.0
392.9599818015892 2733553.0
536.1511188946322 1872658.0
595.0016040048797 1581869.0
483.21915518029505 930206.0
614.4281960720963 1088532.0
501.35790652482194 1745954.0
632.852460966974 2064443.0
626.4922016235537 2266617.0
505.6118893964557 2509886.0
612.25791934479 1057069.0
548.6694341831187 2052354.0
503.87298919744626 938980.0
599.4455919572512 1890026.0
621.6153076446965 42630.69999999999
566.5837343555478 1680842.0
459.2282975763844 2332538.0
501.42141159083724 2869518.0
601.3475719314936 1563764.0
522.3738885003934 1841357.0
611.3375444114226 2593986.0
524.6609063833037 1587960.0
654.2530046481763 2659146.0
644.8437195022967 2695090.0
591.2647231842236 1000861.0
621.9461475201464 1835855.0
653.5232327465786 1449420.0
560.7056020893814 42814.799999999996
529.2080110432486 52534.57000000001
596.5929086897545 1380805.0
624.9424307947309 1979875.0
468.9589772706197 2813728.0
567.3648034231328 1559877.0
517.6711269797661 2400633.0
576.8694297912751 1658561.0
521.985270006295 34573.8
468.6195228660206 1797063.0
524.0864010670373 2384360.0
598.4761234178633 1203192.0
516.2783516846077 2152693.0
558.7698305760423 2992787.0
545.732372381756 1155268.0
655.7178213703922 1568223.0
471.8267033920591 1717630.0
613.9638966469229 48835.07
458.1755492784724 2159132.0
564.8238367299875 4759420.0
514.2321592809801 52985.5
558.9332335786324 1708024.0
608.7595821179905 1692916.0
526.8236928216888 1877332.0
447.7919286686649 5101650.0
380.6474905071515 1381367.0
635.7541631546212 1204906.0
519.7330560849648 2967726.0
547.1700209996527 1860996.0
613.8809960292959 1656800.0
589.6586922120307 1598635.0
645.3554366227236 1530683.0
514.5155505236672 2677367.0
533.8988860532684 1812289.0
582.0313145266666 1864667.0
521.3843806882445 1311332.0
386.3518318053665 1768804.0
595.3613228949949 2238283.0
577.0227995540777 1383955.0
423.6175232096882 2273698.0
358.0754364270402 1854506.0
603.1229136687825 2484633.0
493.9487175771827 1603591.0
623.8289748482126 79443.2
622.5888424969177 1584291.0
529.7238462862877 1867234.0
655.1137733283277 1040210.0
499.7505114057999 2653815.0
517.0401336967888 2489018.0
571.432318013653 1220681.0
550.9931584293319 4777060.0
491.3321163761338 2090008.0
514.7340631688426 3869595.0
621.0883425804274 1182394.0
480.7352836209118 2091379.0
635.4989100113522 1190967.0
622.9127225194891 1534512.0
544.9288328722341 1862605.0
631.8635605028562 1519142.0
647.1110506934511 1374676.0
546.8656356038844 1506697.0
557.00153534534 1603856.0
563.117194877857 283009.10000000003
611.641699640202 1344368.0
646.2886620847469 27118.479999999996
436.0313700013371 2343639.0
471.2689749478604 2924574.0
588.795667295853 1850995.0
504.5497576470244 1362811.0
600.7720103760521 87259.5
609.3985165967972 1075493.0
507.60663814725297 3424896.0
598.1780236876299 1249404.0
562.1790227344537 1819457.0
614.6618385897785 1744100.0
454.20446074649044 2492186.0
634.4857903397448 1733058.0
582.8287147495932 36935.020000000004
427.5756796891261 1508505.0
650.8188300364071 1740950.0
622.7655799169771 2089058.0
550.568342111865 3613132.0
511.799984319615 3046998.0
480.17321081142126 3090150.0
647.3166998625162 1254601.0
628.4218764860927 1361980.0
653.4952278902012 2342588.0
487.96053998386265 1792502.0
587.512313753482 3119631.0
641.7930282998159 2058932.0
644.7966378363229 2105515.0
632.3822750952501 1071143.0
638.1232759622317 1367274.0
578.941504956884 2701061.0
489.04206074467373 3626634.0
473.18861155272714 3270676.0
615.2959110625784 2800852.0
619.0490081223159 2205385.0
282.1722193126949 3410497.0
562.667947205424 1897573.0
616.8586396105841 1456913.0
612.3563690702671 1891996.0
416.942109689322 4614460.0
636.4427771757291 1476649.0
474.4453311946778 1908182.0
536.8422455299791 1614336.0
514.5386855839556 2329953.0
363.78830088857706 1698729.0
476.50563862130224 65869.40000000001
585.8443426188093 2024093.0
640.973714954924 1561552.0
646.3664024413987 1712207.0
507.6929196210537 2155460.0
515.9721608859894 3868995.0
495.0774578970296 3330113.0
617.9289638896716 1791374.0
636.9779256976004 1381286.0
545.2703585971043 5524430.0
520.0749932959195 2235087.0
629.3907255381841 3501299.0
339.5796630344813 2040601.0
601.1700714040711 1605269.0
585.616348338386 2769743.0
457.5913927717212 91027.90000000001
632.838089403002 950232.0
535.0565900321119 2371485.0
504.23718389591176 1843207.0
654.1816098905139 2085277.0
340.2336204629267 4024803.0
654.4143512079305 1899430.0
576.5591970364311 1472143.0
461.3596888466526 2715177.0
625.8553739712229 84259.8
390.45550264973184 254939.1
495.7387115244706 1645346.0
575.8966018348912 1945225.0
620.3160585173015 2136471.0
617.7163159733109 1989474.0
569.9647116901443 5106270.0
411.1764797562387 2254471.0
601.8966257554347 1309288.0
568.8030194515527 2136916.0
601.2644296419326 1722970.0
570.5929602841536 1868641.0
464.41668310315276 1289873.0
540.9184383970119 1484631.0
441.19957241109796 2710650.0
563.1591364875123 3287860.0
364.04899544929884 3815279.0
612.541973721196 1560161.0
509.7626532388475 2007345.0
533.0105399020426 4164736.0
561.5329272282735 1604364.0
651.6845781973875 963694.0
360.40557203531876 4584300.0
459.4181888735969 43407.52999999999
424.7358951981981 4073244.0
462.0187737792845 2903013.0
641.4899665271829 2404982.0
528.7924052145755 1801559.0
621.1452478559336 2215722.0
518.3417959630578 1789829.0
650.8806291447916 1355730.0
653.0681814456975 18608.25
543.6647287728351 1646128.0
609.8611405375968 1371023.0
413.9981485037016 2775232.0
597.8061921375828 2201268.0
585.6229521468922 3998932.0
605.8573041184145 1053078.0
578.6360820925283 1830412.0
569.0295665147466 1780871.0
620.214869166615 3182409.0
631.5436687242836 3191384.0
553.4171360804387 1909217.0
370.166802960201 4608960.0
640.6838044679104 1827076.0
563.1435768151723 2731299.0
430.1089296980816 3788799.0
650.3990447229589 1359333.0
628.9045809004826 1474388.0
597.2898411466622 1954785.0
538.9403844971647 4422470.0
592.6615173361124 1183532.0
414.86023190966137 1834812.0
491.69504071705467 2269261.0
419.51817443472095 1974444.0
572.778824260902 1381795.0
610.1331153630659 800301.0
259.45381664732196 4650390.0
638.464268458882 1298364.0
647.4336222385588 2163260.0
620.6042873781192 1752985.0
468.3851919016138 1436670.0
611.4095732581927 2162366.0
605.2746085082463 2220609.0
647.4024396890237 1647939.0
610.955173880704 2073258.0
499.8478635285406 1317301.0
565.9598151220409 1738184.0
597.7134763961965 38898.21
557.4581864583062 1810126.0
650.2896333991494 1450283.0
640.8091158269865 1374058.0
594.6146449767232 2001604.0
585.303042165156 2199089.0
392.63934494254363 3175407.0
620.1923096392786 1650591.0
603.0425099490184 2152111.0
436.1686860864978 2296049.0
604.3506113896594 3878345.0
519.2561196632497 1783582.0
409.1360569294387 1554177.0
646.8326954174943 2254792.0
593.8628843893732 1864449.0
602.9680418915747 1026449.0
479.60724133880785 75539.99999999999
498.4103574193989 1521051.0
601.9983363296221 39763.07000000001
415.09661623723383 2008744.0
561.9763804913745 1345515.0
448.476107312505 2144977.0
561.1420661463451 4452680.0
464.53432883309875 3022340.0
621.7920451455967 2161184.0
652.6062027198875 1754794.0
618.9874746586922 1724864.0
610.5811015525179 38995.56999999999
506.68425967274334 1352634.0
591.2974443666582 2200749.0
435.0377224968662 2247339.0
626.5793560774649 3281780.0
503.1679606948387 2864945.0
619.0807662644704 2064448.0
647.5179261902609 1357233.0
578.223048029128 1061458.0
641.5370600990159 934523.0
598.2873431982498 3119214.0
628.3569584456899 1897439.0
566.9202782388151 1702847.0
631.7639409018892 1957882.0
639.8859222863452 1050326.0
598.1572693898345 1751732.0
652.2331868514577 1162087.0
303.6457587148946 4219874.0
633.5265959379661 1298392.0
473.70116377515825 2896305.0
513.4817659521739 1697767.0
528.2316348643473 3383617.0
610.4732265061692 3011406.0
528.9892590431841 1684814.0
611.9490612088032 205167.0
627.2367248446988 1845398.0
557.4836171770204 1474174.0
349.31898236289436 139499.8
354.7079606383123 3061314.0
533.0757781305008 1826759.0
498.2363966363147 4128145.0
410.71252718289975 2484803.0
603.7517382298437 1388872.0
488.79554860399367 123010.2
571.9922614018042 803779.0
622.3993913426798 1747245.0
650.1169498659017 2120211.0
607.5529530740419 3482861.0
528.4206860841392 1820620.0
350.5834125384028 2062880.0
650.0099088818844 26911.899999999998
650.6245124632386 1845787.0
400.7534945581461 2139563.0
652.8175450807313 1520639.0
559.4794309425856 1871967.0
630.3423511774339 30457.55
618.0501835259774 1690500.0
529.4264688125686 3062253.0
604.18664811966 2157616.0
558.7076867371422 1704053.0
617.232812756522 1792577.0
652.5080036141438 2496499.0
456.9642450533553 3067552.0
477.7356806579834 1819897.0
553.9976389226624 2308977.0
625.9136319176343 2331969.0
614.1090005301711 1699477.0
644.0420164871675 1795149.0
644.9796024531389 1780184.0
497.60490370489913 1870005.0
524.5597021173897 1947275.0
599.502943977252 1087646.0
589.3837875099196 1005461.0
639.3042293991232 1355876.0
648.073569163159 1402589.0
560.9650531742186 2481974.0
610.7627014914191 1661936.0
558.0586539192392 1330401.0
624.880146744911 1927309.0
632.0196078226872 2339008.0
644.0195875200026 1433076.0
652.97589782521 1978773.0
539.7072262005191 3985501.0
543.289999603228 1795326.0
622.8893276295527 2438278.0
503.9157651488622 1490384.0
458.648004162661 1874843.0
553.7788928746893 3327399.0
606.531611204806 1485391.0
510.30738692546976 1292956.0
638.2330605935502 2229728.0
626.0657297857516 20601.37
607.2755904230955 1809190.0
575.1120418542156 1187357.0
625.507470168066 2052635.0
430.36205786150805 1651835.0
429.8071638917918 3225813.0
618.9456904143926 1777262.0
499.5134769219546 1795462.0
597.9808165991573 1990511.0
640.8673827725296 1983569.0
576.30828813228 2076476.0
560.4467352909576 1823058.0
594.2749421559282 1761889.0
594.5085829002335 1728106.0
621.7517037142195 1627702.0
541.8523579915818 1264114.0
598.8508162934809 1565284.0
466.08327591870966 2071843.0
419.9781204718583 2113633.0
381.4786403785838 5272060.0
473.92400343635893 931026.0
624.7421688601374 2827843.0
548.7674279055369 1472887.0
608.9673679467074 3121041.0
426.7611071307052 1089140.0
553.9119247990945 2880885.0
441.5554465390908 1294186.0
630.4253717848046 1480511.0
589.2049107544656 1101042.0
553.8731229900587 90717.4
609.4901907602994 2347541.0
645.1285600411738 2361776.0
528.9863628235812 1504885.0
524.55860435703 1296753.0
512.379122999643 1586279.0
601.1398166215113 2784281.0
531.4209970822653 1805821.0
542.6883714652568 1613314.0
344.882401211238 1387618.0
545.4004332697502 2430397.0
650.2335345514916 1643264.0
590.7353431400974 50441.9
567.6349430740089 1578887.0
551.4161498227459 1823845.0
510.15246283729635 1885650.0
327.85006556068504 3290352.0
473.9058738281526 3970096.0
631.5811451627485 19122.710000000003
653.8013194810222 2192116.0
594.3093433205785 1938030.0
556.2910616527056 2073530.0
602.1720306774753 1861720.0
504.4946317991045 1933765.0
630.9717284877148 1284821.0
454.1569494299327 1482829.0
582.553671843746 1712681.0
440.35169640561105 211104.4
625.5881094556182 1566685.0
373.5420664429463 2535037.0
485.78604614652085 1686849.0
606.2005408702759 2066160.0
592.0418013496176 1562262.0
360.2647577376414 1693758.0
628.3895393749722 1875197.0
609.7502492246341 55397.5
459.3711655089196 2835307.0
413.3221954115324 2797659.0
439.98602312534194 2989845.0
421.0471368540207 1342656.0
649.853750021888 1052708.0
611.8957977694823 1406386.0
605.4763858649806 1361590.0
598.4295890811072 1390322.0
585.089102101212 2564234.0
634.6474606615899 1544299.0
422.85026095799424 2384552.0
447.2756085272949 4136214.0
466.71713281424394 1371893.0
635.2499450188315 1163566.0
589.577809542232 4755300.0
548.110587201639 3443042.0
474.6996123002358 3799470.0
632.5260720390439 1260810.0
547.7190392076791 2826562.0
538.5864608647383 2303831.0
604.8311601847515 2983396.0
586.302579591955 257467.59999999998
517.7726549657127 1242825.0
585.5190460609256 2259486.0
593.402299304537 1796408.0
643.5563267019294 2268039.0
624.462536374413 2580682.0
647.7307012654925 1742282.0
500.02250667147854 2183007.0
525.0766241726726 105839.00000000001
545.3094635072787 2170863.0
438.9783486086081 1629309.0
472.6586818849592 2811301.0
583.7868075098124 5006980.0
599.2122576055185 1835757.0
609.4572125752591 3293282.0
564.3191195715754 1214012.0
560.8559341473768 2248158.0
598.8264790099294 1498895.0
586.4231183971945 1450132.0
609.7564326410892 1472031.0
638.310689314165 2324289.0
641.2351621564568 1651137.0
580.806875373831 1333290.0
521.5162677744667 1622227.0
615.3260251765716 1902076.0
482.27614546471915 2036845.0
475.9842286008169 2148869.0
549.4048356172412 3313084.0
397.7266567345158 2315308.0
493.9976251783874 1299813.0
644.8647030919102 1529884.0
407.67188412724977 3130610.0
492.97994148539675 3679506.0
519.6559133519104 2124455.0
604.3083000099697 2378224.0
632.8846833567912 1369259.0
655.3386596846525 4861230.0
648.8384533118073 1385898.0
594.6529847584671 1483356.0
573.1776806793797 1768228.0
482.6959992048446 2629924.0
567.8086490633859 1543833.0
589.9824682740699 1776158.0
509.7463864319824 1540023.0
602.8978245201357 94044.1
563.0867318941993 1473064.0
587.2789066514514 1993532.0
604.889700898608 2037416.0
506.65630082316744 3346014.0
399.89136012542224 1534552.0
535.6220404757739 1807591.0
520.005551993766 2621233.0
453.8506062857007 1068208.0
639.7802218833579 2701370.0
486.7228674776203 1606649.0
540.9610811024986 2902782.0
390.4677349989733 1921270.0
650.1284654892579 1402919.0
422.79361642312335 2226634.0
535.7728845335857 2175096.0
603.2612039104487 1769489.0
609.9578291948521 1629544.0
601.8886806264622 1523773.0
628.7617912647979 2135113.0
416.0783048083757 3496265.0
628.567809120401 43112.56999999999
598.2904168378519 1153419.0
425.8878929879067 3941845.0
540.0457737098415 1912857.0
510.47877702835336 2243231.0
649.0518353605365 1283574.0
597.2907430993291 2764862.0
514.2587031882221 3646100.0
571.1179624350972 49959.799999999996
562.6698891531984 3580137.0
651.2974032625577 1335406.0
498.04562067768023 1751651.0
642.971113130233 58727.61000000001
522.7957696169142 1167139.0
545.3477162188532 1841200.0
655.6290571660286 1398977.0
369.6336488672165 2775010.0
639.1143580845782 3527277.0
652.5392950419547 4070330.0
547.9795011097704 3984261.0
450.459586651083 2278169.0
348.26915027168815 2402709.0
579.9358248559666 1506247.0
398.69074377991427 1582625.0
619.4414070153659 1623580.0
576.9231200233307 1885314.0
645.5441757855144 1650568.0
558.1248302425084 2265468.0
551.5778898803079 1922878.0
608.1181213568013 55983.0
549.5942868834707 1198872.0
647.7378888149614 50169.799999999996
528.8124842697904 1151396.0
465.84338232530763 1900970.0
622.2303698310981 1711188.0
608.2977374896841 1772588.0
379.7565751019232 1569967.0
639.0117429219038 1366612.0
588.888798584465 2631814.0
561.5568431245074 1594720.0
541.0684269727924 2296774.0
599.652630993495 1077514.0
653.2397440212882 1802275.0
547.3726131281628 2569802.0
469.5637632853185 2574401.0
582.915458022868 1120835.0
588.7407381963748 31710.850000000002
631.9928680900935 84612.59999999999
423.6126314344823 1927204.0
556.4501627083905 1404592.0
642.6024750857841 2682169.0
501.4005680125776 1480023.0
558.7592196861993 831540.0
547.4557029925486 1340472.0
322.82781015138397 2619728.0
448.1583767109733 1652667.0
592.9937057163307 1672782.0
620.375060254933 1682628.0
598.2166819461181 1379523.0
646.7910576788992 1598434.0
588.9901286927523 1391888.0
534.4215779245603 1331069.0
586.0876671928431 3191756.0
623.7607453104622 1734378.0
564.7445917168218 1916012.0
489.04702121513355 1532634.0
650.01940590542 2241731.0
607.2226333254663 1563349.0
609.4481002852026 1403387.0
549.1675273226672 1922913.0
586.6104948403067 996653.0
575.9588891491962 1581506.0
630.903855610298 1629749.0
477.00278642055133 34511.350000000006
614.1703664158666 2634137.0
649.0756088680278 1193037.0
569.3894023874208 1529247.0
608.6132525408034 1860419.0
510.60102763144823 2299068.0
640.6396026011605 1485689.0
626.5737000445647 2640808.0
562.6345996346885 1752749.0
500.42850064565204 78748.61
565.1525053139353 2577022.0
528.3371854494886 1303646.0
637.2797774870141 2756157.0
422.1784813478981 1643008.0
445.4333723073752 2749601.0
623.5126683315965 3119876.0
600.1326194896316 1671087.0
651.0573915172429 2559533.0
545.0493067588936 1991488.0
468.73155153620934 1762396.0
574.6560062168147 46523.82
522.8853625745513 2804224.0
635.6530576763078 2685707.0
278.78239849546054 1606113.0
626.8786753595393 1660230.0
504.11161359488955 51089.16
645.8599361558706 1307757.0
349.87712693976994 168277.1
481.6095982653793 2251046.0
517.2104177884185 2005744.0
596.4496535157348 1308910.0
613.2498214007427 1895639.0
627.4633252125224 1500295.0
442.6898988033731 2405456.0
352.2171209935599 1720467.0
581.9855267307554 1846376.0
637.2850430507507 2122034.0
463.90284848313456 1440553.0
413.95453511081973 1650725.0
589.660935277937 2341952.0
564.2101262164779 1576996.0
466.90971652446746 1637235.0
472.5316713911189 2599108.0
617.9224741114912 2697994.0
398.32410811119513 2622992.0
496.830559376125 1563960.0
578.2944416328381 902839.0
527.3966066772043 2910687.0
561.8551476841343 1653022.0
635.7779409917421 1652313.0
622.1711210937219 1364273.0
437.63834745062604 56956.09999999999
586.1143862961161 2615818.0
652.5203333356178 2430376.0
412.72516673923315 1984003.0
568.697277696225 2770736.0
636.9418952196183 1619440.0
651.0077709047401 990473.0
300.62225787614113 2986267.0
638.6989703188796 1813030.0
585.8838620231716 1733635.0
624.834603981421 1888383.0
608.3221798040314 1615920.0
600.1544802021292 1423005.0
536.3018719652885 3164680.0
445.8982699431223 1966187.0
528.474123471311 1494378.0
609.2339226678091 1012104.0
518.1065223303116 2194779.0
554.3201680699074 2835285.0
602.8913307587253 1322476.0
514.308096345937 1806415.0
520.5071394088375 1533524.0
457.892446842994 1808778.0
640.2344562458945 2405285.0
477.8299672543803 2762149.0
526.3049397632975 1976497.0
619.8626316362742 1878881.0
530.7728523189072 1252032.0
622.8671980226312 2268146.0
587.0490851815712 2196525.0
585.0429133071149 1575188.0
629.805193636671 1619136.0
649.0825488820342 1685053.0
632.869356050847 1022623.0
446.0452415061907 2133230.0
601.2375737787413 2957986.0
512.9017869542618 2239543.0
468.4319188665465 3871220.0
372.8627681334053 1578307.0
575.7147738587811 1308250.0
611.3193987530253 1573839.0
367.25946950511775 2441851.0
473.24245468106005 1799285.0
634.6611332579706 15442.75
346.26227750558576 1974486.0
460.944897424493 2889446.0
618.3107483276664 1955667.0
515.8514100867677 2252024.0
559.6310637299058 1545776.0
332.58644584233144 2205421.0
653.3164129280065 1439762.0
655.5194088993193 727293.0
362.35048141327206 2758776.0
545.3569087725442 3911262.0
633.6749826026603 2141042.0
612.7514908659035 1556108.0
629.1213087163387 2758819.0
616.6741924161131 1591407.0
442.8929458370196 3438091.0
627.7175052225916 1564957.0
649.9524488866251 2824936.0
567.2368933249435 3726901.0
534.1031579005985 77435.59999999999
449.32550150546047 1357498.0
534.6275906099 2122441.0
461.3891181726652 54068.179999999986
598.2636714840971 959554.0
547.6700533253662 2316552.0
444.0412290444039 1268997.0
636.9101336921118 2944853.0
543.7639729984178 1854678.0
638.536271266009 2452035.0
477.12226319497154 1763550.0
600.6068175827903 1706056.0
585.0713054802856 3022697.0
591.5875047811481 99423.0
573.5701954745941 1420693.0
592.1381640731155 1503751.0
628.0827278432622 743452.0
556.627395648887 1128088.0
456.21291964916236 2276270.0
437.36036929091966 2100537.0
506.2807676506059 2153265.0
634.4420882839444 1911260.0
638.7518994151261 1551494.0
643.1049477885988 28220.890000000003
646.0572195071254 1931922.0
545.4219255365124 1468186.0
608.4846721881063 3934807.0
613.5987256751084 2675753.0
622.8441518051753 3034915.0
639.8243577907416 1131471.0
617.680760937053 23867.569999999996
492.64441075529265 2775446.0
493.92440956559864 1114543.0
577.99668105224 2310614.0
653.1618346637467 1571267.0
437.20450799054277 4193426.0
494.48984746923406 4018493.0
611.2957681330358 3819974.0
568.8403090141884 1748888.0
610.4870800439559 1442845.0
528.2670551827364 3076543.0
547.1772964053573 2558471.0
449.6220470250222 2467618.0
456.55215291376516 1387853.0
473.0648985009726 2824611.0
427.98892593617404 2476920.0
646.6490125452857 4293539.0
478.27745368559863 2034290.0
586.3810912291806 2623137.0
558.1188363575063 1663416.0
508.8534789171516 2010091.0
645.4936968294606 774106.0
610.0279859307515 811253.0
608.0926905724507 2109973.0
638.5706397606308 1452027.0
629.8109808642729 3804796.0
378.9382338576041 2143021.0
586.5897322686174 1299334.0
468.7076495892359 3562485.0
595.8130216070305 1077830.0
596.7750409101698 3484697.0
575.2204573976278 1074282.0
592.0003296153899 2094123.0
549.3629510349069 1416388.0
616.5836871735427 1828197.0
632.8832026358544 1175379.0
636.1479606580584 2225407.0
654.285601248841 1628096.0
647.2102172928828 1737870.0
521.2728439617629 4876190.0
578.6749360435016 3022883.0
655.596355899995 22084.890000000003
616.4393332837972 1929482.0
598.1766668529214 1886130.0
594.7604152722249 3043873.0
515.667581593441 1878470.0
649.302037145255 2349327.0
618.3230704930803 1494141.0
536.2558011524441 1932351.0
436.9657864961597 993391.0
651.216805738902 1568507.0
583.5340815891013 1568676.0
503.5127583049742 2594385.0
617.7447049662414 92570.8
456.180382793943 1398725.0
579.479550314824 97631.0
655.4696567017429 2697854.0
449.82772433680634 3080446.0
605.4257281727059 1585098.0
594.99670776101 119804.8
526.1228240378576 2226926.0
346.6543756934537 1870550.0
646.5687744403202 1165864.0
576.8619191648769 3998461.0
506.744458487613 1545171.0
622.4435599641375 1412701.0
503.477831669425 2446741.0
533.2089262254128 2537249.0
607.3900072591745 2747376.0
602.9782720987847 42449.03
461.3339474572431 2142659.0
572.9761691371905 107099.40000000001
604.1080629266827 1929481.0
564.3620268207854 2880606.0
568.3794256040419 154952.59999999998
595.3548278910283 1732463.0
553.762522612616 2731126.0
621.5716907145414 1713969.0
642.2963067897658 2381063.0
491.3915381651064 1441430.0
623.2191242773224 1402617.0
622.2242585686888 1978466.0
623.7335297672756 1278676.0
607.6746092378183 1517376.0
476.9962747873032 2183210.0
615.9667448190867 2172445.0
493.57265860597767 1869691.0
505.622477289551 2209621.0
606.2156559832952 4000450.0
634.5586612505173 2436434.0
641.9968479964302 1462884.0
580.9130317554035 2848965.0
561.0607441330372 44178.060000000005
583.2764031583752 86665.4
572.215337067925 1495735.0
645.6162542241573 3034700.0
562.107936010138 1473647.0
650.2932773846427 1426237.0
596.6622114274037 1778949.0
320.45954912803705 1607420.0
577.0899697174716 1543880.0
617.5399033327973 1810345.0
563.1663405188018 2946243.0
465.05898542505315 2607255.0
478.23709189728214 1976901.0
533.5939549595244 1245098.0
277.9013635941224 1871369.0
614.4846479641267 2243845.0
611.2795908806743 1139684.0
457.2838703652309 2769324.0
569.9929217370457 941247.0
652.0169695396731 40540.97
617.6576582509778 1381962.0
480.8647677816666 1354691.0
570.3043778034125 1613014.0
512.4536625624654 3492288.0
409.40613173102196 2688222.0
617.4041922782504 936192.0
539.4290191332032 2295426.0
654.797497551394 2208107.0
593.6849565252498 1564984.0
585.9284787661109 2221465.0
341.95367968322165 2508294.0
635.4005684165941 2254962.0
608.2428935925006 26532.48
650.5838115637584 1174449.0
563.8643538516084 2245743.0
596.9327016278571 2352735.0
524.1140299062827 2100576.0
600.8427353418404 2259204.0
563.3580329649225 2079598.0
615.0180762775462 1539657.0
574.7424931152323 2026679.0
480.22158637868324 1194417.0
581.7898170812607 1403549.0
583.433433763438 1173192.0
